-3.040161
-3.037415
-3.033142
-3.031006
-3.028259
-3.025818
-3.025513
-3.023987
-3.022156
-3.020935
-3.021851
-3.024292
-3.024902
-3.024597
-3.020935
-3.019104
-3.017883
-3.017273
-3.016052
-3.013916
-3.010864
-3.007507
-3.005371
-3.002014
-3.001709
-2.997131
-2.997742
-2.994690
-2.994385
-2.994080
-2.994080
-2.993774
-2.991943
-2.991028
-2.990112
-2.988586
-2.988586
-2.986755
-2.985229
-2.983093
-2.982483
-2.983704
-2.980652
-2.978516
-2.976074
-2.973938
-2.971497
-2.969360
-2.969666
-2.968140
-2.969055
-2.968750
-2.969360
-2.969055
-2.970581
-2.970886
-2.973022
-2.973328
-2.973328
-2.971191
-2.968445
-2.965088
-2.964478
-2.966614
-2.965393
-2.964172
-2.962341
-2.960815
-2.961121
-2.958069
-2.954407
-2.953186
-2.951355
-2.946777
-2.943726
-2.940369
-2.936707
-2.934265
-2.932434
-2.930298
-2.927856
-2.927246
-2.926025
-2.924194
-2.924500
-2.924500
-2.924500
-2.925415
-2.923889
-2.923889
-2.920837
-2.922058
-2.920837
-2.919922
-2.916870
-2.916260
-2.915649
-2.914734
-2.913208
-2.912903
-2.912292
-2.913818
-2.914124
-2.914429
-2.914429
-2.914734
-2.915955
-2.917175
-2.915344
-2.913818
-2.912598
-2.911682
-2.908936
-2.904358
-2.900696
-2.897644
-2.895508
-2.893982
-2.893982
-2.894287
-2.893982
-2.893372
-2.893066
-2.891846
-2.894897
-2.892151
-2.889404
-2.889099
-2.887878
-2.885132
-2.880859
-2.879028
-2.876587
-2.874146
-2.871704
-2.869568
-2.868042
-2.868347
-2.866516
-2.865601
-2.864075
-2.860718
-2.859192
-2.861023
-2.863464
-2.865906
-2.868347
-2.868042
-2.868652
-2.867737
-2.865295
-2.865906
-2.863464
-2.861023
-2.856750
-2.850647
-2.845154
-2.839050
-2.831421
-2.823181
-2.816772
-2.810059
-2.803345
-2.797852
-2.788086
-2.777405
-2.765808
-2.756348
-2.746277
-2.733765
-2.718506
-2.705994
-2.693787
-2.682495
-2.670593
-2.661133
-2.652893
-2.645569
-2.635498
-2.626038
-2.616272
-2.607422
-2.597656
-2.587891
-2.580872
-2.574463
-2.566528
-2.559509
-2.554321
-2.546692
-2.541199
-2.532349
-2.522583
-2.514648
-2.504883
-2.497864
-2.492065
-2.482605
-2.474670
-2.463989
-2.453003
-2.442627
-2.434692
-2.427673
-2.419434
-2.413330
-2.406616
-2.400208
-2.395630
-2.390442
-2.385254
-2.380066
-2.375793
-2.373657
-2.369690
-2.370300
-2.371521
-2.373047
-2.374878
-2.380371
-2.384644
-2.388000
-2.391663
-2.398071
-2.403564
-2.407532
-2.412109
-2.415771
-2.420349
-2.427063
-2.432861
-2.440491
-2.445374
-2.449341
-2.455139
-2.460022
-2.463684
-2.468262
-2.474060
-2.479248
-2.482910
-2.487793
-2.492371
-2.498474
-2.505493
-2.514038
-2.522278
-2.533264
-2.542725
-2.551880
-2.562256
-2.572327
-2.583923
-2.593994
-2.605896
-2.618713
-2.630310
-2.643433
-2.657776
-2.669373
-2.682190
-2.697144
-2.709656
-2.721558
-2.733765
-2.743835
-2.753601
-2.762756
-2.773743
-2.785950
-2.796326
-2.808228
-2.815857
-2.823181
-2.830200
-2.836609
-2.844238
-2.852478
-2.857666
-2.862854
-2.868042
-2.872925
-2.877197
-2.881470
-2.883606
-2.886047
-2.888794
-2.894287
-2.896118
-2.901001
-2.897644
-2.895508
-2.891541
-2.886963
-2.886963
-2.888184
-2.890930
-2.892151
-2.893677
-2.894287
-2.893677
-2.896118
-2.896729
-2.898865
-2.902527
-2.905273
-2.906494
-2.908020
-2.908630
-2.910461
-2.912903
-2.911377
-2.910461
-2.911072
-2.909851
-2.910156
-2.909851
-2.909241
-2.908936
-2.906799
-2.909241
-2.909546
-2.913513
-2.916260
-2.920532
-2.924500
-2.926636
-2.932434
-2.938538
-2.945557
-2.951660
-2.955017
-2.958374
-2.965088
-2.972412
-2.976990
-2.983398
-2.987366
-2.990112
-2.989197
-2.980652
-2.965698
-2.944031
-2.917480
-2.884827
-2.844238
-2.797546
-2.745667
-2.686157
-2.611389
-2.522278
-2.419128
-2.298279
-2.164307
-2.018433
-1.856995
-1.682129
-1.492615
-1.286316
-1.068726
-0.834961
-0.591125
-0.340576
-0.104980
0.095520
0.273743
0.440063
0.584106
0.706177
0.815430
0.911255
0.998535
1.072388
1.143188
1.207581
1.265869
1.319275
1.365356
1.402283
1.432800
1.453247
1.439819
1.390686
1.319580
1.230774
1.128845
1.002502
0.855103
0.692444
0.517273
0.331116
0.132751
-0.072632
-0.282898
-0.489502
-0.696106
-0.893860
-1.083069
-1.261902
-1.429749
-1.585388
-1.723938
-1.846313
-1.958008
-2.059937
-2.155151
-2.242126
-2.323914
-2.399292
-2.470703
-2.538757
-2.601929
-2.660828
-2.716675
-2.767944
-2.815552
-2.857361
-2.896423
-2.933960
-2.967834
-2.998047
-3.024902
-3.049622
-3.070374
-3.087158
-3.100891
-3.110657
-3.119202
-3.123779
-3.125000
-3.124084
-3.121643
-3.115845
-3.106995
-3.097534
-3.089600
-3.082275
-3.070374
-3.058777
-3.044434
-3.034363
-3.023376
-3.014832
-3.005676
-2.993774
-2.981567
-2.962646
-2.946777
-2.929077
-2.915955
-2.907104
-2.896118
-2.883911
-2.872925
-2.862244
-2.849121
-2.835999
-2.823486
-2.811890
-2.799072
-2.789612
-2.779541
-2.770691
-2.758179
-2.747192
-2.738647
-2.725830
-2.713928
-2.704773
-2.694092
-2.685852
-2.676086
-2.667236
-2.659302
-2.650452
-2.641907
-2.635498
-2.628174
-2.622986
-2.617493
-2.610168
-2.603760
-2.599182
-2.594604
-2.589111
-2.585449
-2.579956
-2.573242
-2.567749
-2.563477
-2.557068
-2.552185
-2.546997
-2.541809
-2.536926
-2.530823
-2.524414
-2.515259
-2.507324
-2.496033
-2.487793
-2.478943
-2.474060
-2.467651
-2.460022
-2.449646
-2.443237
-2.432861
-2.424316
-2.416077
-2.404785
-2.397461
-2.387695
-2.378540
-2.371216
-2.364197
-2.355042
-2.347412
-2.333374
-2.322693
-2.312317
-2.303772
-2.295532
-2.287598
-2.278748
-2.269897
-2.262268
-2.254333
-2.246094
-2.236938
-2.226257
-2.212219
-2.198181
-2.187195
-2.174377
-2.165222
-2.152405
-2.140198
-2.128601
-2.117615
-2.106934
-2.096558
-2.086487
-2.074890
-2.060547
-2.045288
-2.031555
-2.018738
-2.005920
-1.993408
-1.979370
-1.967163
-1.950684
-1.935730
-1.918640
-1.902771
-1.887512
-1.875305
-1.859436
-1.843262
-1.827393
-1.809387
-1.792297
-1.773987
-1.753845
-1.737976
-1.720276
-1.703186
-1.687012
-1.667175
-1.648254
-1.629333
-1.610413
-1.592407
-1.577148
-1.559448
-1.542358
-1.528931
-1.515503
-1.502075
-1.487732
-1.475220
-1.461182
-1.445618
-1.430969
-1.414490
-1.399231
-1.383972
-1.373596
-1.363220
-1.352844
-1.338501
-1.325989
-1.313477
-1.301575
-1.291199
-1.276855
-1.270142
-1.262512
-1.257019
-1.251221
-1.249695
-1.247559
-1.247559
-1.246338
-1.245117
-1.243896
-1.242676
-1.244202
-1.244812
-1.245422
-1.250000
-1.254272
-1.258240
-1.263123
-1.268311
-1.272278
-1.278687
-1.286621
-1.294861
-1.302490
-1.313171
-1.324463
-1.336975
-1.350403
-1.363525
-1.377563
-1.392822
-1.410828
-1.428833
-1.447754
-1.468811
-1.489868
-1.511536
-1.534729
-1.558838
-1.583557
-1.609497
-1.635132
-1.661377
-1.688843
-1.715698
-1.742859
-1.770020
-1.799622
-1.830139
-1.860962
-1.890564
-1.921997
-1.953430
-1.985474
-2.017212
-2.049255
-2.079468
-2.112732
-2.142029
-2.171936
-2.203064
-2.236023
-2.265930
-2.297363
-2.327881
-2.359619
-2.388306
-2.415771
-2.443237
-2.469482
-2.496948
-2.523804
-2.549133
-2.575684
-2.600403
-2.624817
-2.648926
-2.672729
-2.697449
-2.721558
-2.745056
-2.768250
-2.790222
-2.813110
-2.835999
-2.856750
-2.878113
-2.898560
-2.918701
-2.934265
-2.950134
-2.966614
-2.981262
-2.998657
-3.011780
-3.023071
-3.034973
-3.047791
-3.060913
-3.071899
-3.082886
-3.093567
-3.103333
-3.113403
-3.122559
-3.133240
-3.144226
-3.151550
-3.159790
-3.168335
-3.176270
-3.183289
-3.190613
-3.199158
-3.205872
-3.210754
-3.213501
-3.216248
-3.219299
-3.223877
-3.228149
-3.232117
-3.235168
-3.236389
-3.242493
-3.247375
-3.250427
-3.253784
-3.254700
-3.258667
-3.262024
-3.265686
-3.266907
-3.267517
-3.269653
-3.269348
-3.269348
-3.269043
-3.269043
-3.268738
-3.266602
-3.265381
-3.265381
-3.265076
-3.265381
-3.263245
-3.261719
-3.259583
-3.255310
-3.250427
-3.249512
-3.244019
-3.239136
-3.236694
-3.235168
-3.234253
-3.236084
-3.234253
-3.232727
-3.231506
-3.228760
-3.224792
-3.221436
-3.220825
-3.218079
-3.216858
-3.214111
-3.210449
-3.208008
-3.205261
-3.203125
-3.198853
-3.195496
-3.192444
-3.191528
-3.190002
-3.187866
-3.186035
-3.183594
-3.181152
-3.178711
-3.174744
-3.171082
-3.168335
-3.161316
-3.157043
-3.155823
-3.156433
-3.153687
-3.150940
-3.152771
-3.151855
-3.151855
-3.150940
-3.150940
-3.150635
-3.150024
-3.151245
-3.153381
-3.154602
-3.154907
-3.157654
-3.157654
-3.157654
-3.158264
-3.159485
-3.162537
-3.160706
-3.161011
-3.161621
-3.161926
-3.164062
-3.163452
-3.164062
-3.164062
-3.162231
-3.158569
-3.152466
-3.149109
-3.146973
-3.144836
-3.144531
-3.140259
-3.135681
-3.132019
-3.131104
-3.126831
-3.123779
-3.122253
-3.122253
-3.125000
-3.128967
-3.130188
-3.131714
-3.130798
-3.133850
-3.135376
-3.135376
-3.133545
-3.132019
-3.131104
-3.128967
-3.127441
-3.127136
-3.125916
-3.125305
-3.123474
-3.125305
-3.128967
-3.131409
-3.134766
-3.137817
-3.138428
-3.138733
-3.138428
-3.139954
-3.141174
-3.140564
-3.142090
-3.141785
-3.142090
-3.143616
-3.145752
-3.147278
-3.147583
-3.148804
-3.151855
-3.152771
-3.153076
-3.153076
-3.153687
-3.155212
-3.156433
-3.156128
-3.156128
-3.156433
-3.153992
-3.151245
-3.149109
-3.147888
-3.147888
-3.148804
-3.148804
-3.148193
-3.148499
-3.146362
-3.146057
-3.145752
-3.145142
-3.145447
-3.146667
-3.146667
-3.147278
-3.147278
-3.145752
-3.145142
-3.144531
-3.146362
-3.146362
-3.147583
-3.147888
-3.145447
-3.143921
-3.143005
-3.143005
-3.142395
-3.141479
-3.141479
-3.140869
-3.139954
-3.140259
-3.139038
-3.134460
-3.132324
-3.129883
-3.126221
-3.127136
-3.125916
-3.122864
-3.120422
-3.119202
-3.118896
-3.117981
-3.118896
-3.119202
-3.121033
-3.121338
-3.122559
-3.120422
-3.119202
-3.119812
-3.120422
-3.123169
-3.121643
-3.120728
-3.118591
-3.118591
-3.116455
-3.115845
-3.114624
-3.114319
-3.111877
-3.112793
-3.111877
-3.112183
-3.110657
-3.110962
-3.113708
-3.114319
-3.114624
-3.114624
-3.114319
-3.114014
-3.110657
-3.106995
-3.104553
-3.103943
-3.101501
-3.100281
-3.100891
-3.098145
-3.092346
-3.085327
-3.081360
-3.076477
-3.072815
-3.069458
-3.065491
-3.063049
-3.059998
-3.055420
-3.049927
-3.042603
-3.038330
-3.034058
-3.030701
-3.029175
-3.027954
-3.025208
-3.022766
-3.023071
-3.024902
-3.021240
-3.018799
-3.017273
-3.016357
-3.015137
-3.011780
-3.009338
-3.006897
-3.004761
-3.002014
-2.998962
-2.998657
-2.997131
-2.995300
-2.993164
-2.992249
-2.992554
-2.991943
-2.994080
-2.994690
-2.995911
-2.995300
-2.995911
-2.994385
-2.997742
-2.998657
-3.002319
-3.004761
-3.007812
-3.010254
-3.011475
-3.011169
-3.011780
-3.013306
-3.013000
-3.013306
-3.013611
-3.013611
-3.013611
-3.012695
-3.012390
-3.011169
-3.009338
-3.009338
-3.009338
-3.010559
-3.010864
-3.011169
-3.009949
-3.011475
-3.011475
-3.013000
-3.011475
-3.007812
-3.003845
-3.001099
-2.997131
-2.994385
-2.994690
-2.990723
-2.989197
-2.985535
-2.982483
-2.980042
-2.976074
-2.973328
-2.969666
-2.964172
-2.956543
-2.951660
-2.945862
-2.941284
-2.936707
-2.930298
-2.920532
-2.907104
-2.897034
-2.885437
-2.873535
-2.863770
-2.851868
-2.842102
-2.833557
-2.822876
-2.815247
-2.806091
-2.798767
-2.789612
-2.783508
-2.772522
-2.761230
-2.754822
-2.748108
-2.740479
-2.734070
-2.726135
-2.716370
-2.706909
-2.698975
-2.691040
-2.680359
-2.669373
-2.657166
-2.646484
-2.634888
-2.624512
-2.612000
-2.597656
-2.583923
-2.572632
-2.561646
-2.551575
-2.543640
-2.535095
-2.521362
-2.511902
-2.502441
-2.496033
-2.488708
-2.484131
-2.477417
-2.475281
-2.471619
-2.467957
-2.470703
-2.472229
-2.471924
-2.472229
-2.473755
-2.477112
-2.478333
-2.480469
-2.484436
-2.486267
-2.488098
-2.490540
-2.492676
-2.493286
-2.496643
-2.500916
-2.505493
-2.510681
-2.514954
-2.520752
-2.525330
-2.528687
-2.533264
-2.538452
-2.543335
-2.547302
-2.551575
-2.559204
-2.566833
-2.571716
-2.581482
-2.585754
-2.593079
-2.601929
-2.609253
-2.619019
-2.630005
-2.644043
-2.657471
-2.672424
-2.686157
-2.700195
-2.713928
-2.725830
-2.738647
-2.751160
-2.763367
-2.776794
-2.786255
-2.796326
-2.806091
-2.815247
-2.823181
-2.829285
-2.835999
-2.842102
-2.846069
-2.850647
-2.853394
-2.856750
-2.861023
-2.866821
-2.870789
-2.877502
-2.880554
-2.882385
-2.886353
-2.888184
-2.892151
-2.896118
-2.897949
-2.898560
-2.902222
-2.904663
-2.908020
-2.912598
-2.916565
-2.921143
-2.924194
-2.926636
-2.930298
-2.932129
-2.936096
-2.940063
-2.942505
-2.943726
-2.946777
-2.946472
-2.948914
-2.951660
-2.953491
-2.954407
-2.955322
-2.955322
-2.957458
-2.957458
-2.954712
-2.954712
-2.954407
-2.953796
-2.953491
-2.954407
-2.955322
-2.955017
-2.956543
-2.957153
-2.958679
-2.959900
-2.960510
-2.959595
-2.959290
-2.959900
-2.960510
-2.964478
-2.968140
-2.972107
-2.973633
-2.979431
-2.981873
-2.987061
-2.992554
-3.001709
-3.009949
-3.017883
-3.021851
-3.025818
-3.022156
-3.014526
-3.001404
-2.981262
-2.951965
-2.912292
-2.866821
-2.811279
-2.748108
-2.672729
-2.580261
-2.477112
-2.358704
-2.231140
-2.088318
-1.934204
-1.766663
-1.583252
-1.383972
-1.174927
-0.956116
-0.722656
-0.480957
-0.251160
-0.040283
0.150452
0.319824
0.468140
0.596924
0.712585
0.815430
0.911865
0.997620
1.071167
1.138000
1.197815
1.253357
1.301880
1.346436
1.383667
1.408081
1.399841
1.361084
1.296387
1.214600
1.119690
1.005249
0.863953
0.700989
0.518799
0.323181
0.123291
-0.079346
-0.287476
-0.493774
-0.700989
-0.902405
-1.092529
-1.274719
-1.447144
-1.606445
-1.754456
-1.884766
-2.004089
-2.111511
-2.207336
-2.294922
-2.375183
-2.450867
-2.521973
-2.588501
-2.650757
-2.710876
-2.765503
-2.819824
-2.868347
-2.915344
-2.956848
-2.995605
-3.032532
-3.064880
-3.092957
-3.117676
-3.141174
-3.161011
-3.178711
-3.190613
-3.199768
-3.206482
-3.209839
-3.205566
-3.201904
-3.195801
-3.189697
-3.179321
-3.165283
-3.151855
-3.137817
-3.126526
-3.113708
-3.098145
-3.080750
-3.065796
-3.048706
-3.033447
-3.016663
-2.999573
-2.981567
-2.962646
-2.947998
-2.930908
-2.916870
-2.902832
-2.891235
-2.875977
-2.862244
-2.847290
-2.831726
-2.817688
-2.806396
-2.790222
-2.776489
-2.763367
-2.752380
-2.741089
-2.731018
-2.719727
-2.711182
-2.699280
-2.689209
-2.677612
-2.666016
-2.655640
-2.642517
-2.635498
-2.624207
-2.613831
-2.604980
-2.597046
-2.587585
-2.580261
-2.569580
-2.560425
-2.553406
-2.546997
-2.536621
-2.527466
-2.518311
-2.510986
-2.504272
-2.497253
-2.486877
-2.477722
-2.468872
-2.458496
-2.447815
-2.439270
-2.428894
-2.419739
-2.408142
-2.398376
-2.388306
-2.378540
-2.369385
-2.358398
-2.352600
-2.349548
-2.344666
-2.339783
-2.334900
-2.329102
-2.320251
-2.312622
-2.306213
-2.296753
-2.288208
-2.280273
-2.272949
-2.263489
-2.251892
-2.240295
-2.231140
-2.223816
-2.215881
-2.206116
-2.198792
-2.189331
-2.180176
-2.170715
-2.163391
-2.154541
-2.146606
-2.137756
-2.128296
-2.117310
-2.103882
-2.092896
-2.080383
-2.072754
-2.061462
-2.052612
-2.041931
-2.032166
-2.021790
-2.010193
-1.997986
-1.985168
-1.972656
-1.961365
-1.948547
-1.937866
-1.923218
-1.908875
-1.892395
-1.876221
-1.861877
-1.850281
-1.836548
-1.822815
-1.809692
-1.793823
-1.775208
-1.759338
-1.741638
-1.726379
-1.712646
-1.699219
-1.684265
-1.671448
-1.654358
-1.638184
-1.624146
-1.612854
-1.599121
-1.580811
-1.567078
-1.550903
-1.532593
-1.517029
-1.499634
-1.483154
-1.468506
-1.453857
-1.437683
-1.422119
-1.405029
-1.388855
-1.375427
-1.360779
-1.348267
-1.335754
-1.324158
-1.312256
-1.297913
-1.284180
-1.271667
-1.260681
-1.252441
-1.245422
-1.238098
-1.231689
-1.224365
-1.217346
-1.213684
-1.208191
-1.204834
-1.203003
-1.201477
-1.201172
-1.198120
-1.198120
-1.199646
-1.201477
-1.202698
-1.203308
-1.205444
-1.209412
-1.216125
-1.220703
-1.227112
-1.234131
-1.242676
-1.252747
-1.264038
-1.276245
-1.291809
-1.309509
-1.327209
-1.346436
-1.365356
-1.386108
-1.405945
-1.425171
-1.445923
-1.469727
-1.494751
-1.519775
-1.544189
-1.570129
-1.596375
-1.624146
-1.651001
-1.678772
-1.708984
-1.737061
-1.767273
-1.795349
-1.825562
-1.854858
-1.882935
-1.913147
-1.943665
-1.972961
-2.002258
-2.032776
-2.064209
-2.095337
-2.125549
-2.155457
-2.187500
-2.214966
-2.243347
-2.272339
-2.301941
-2.330322
-2.358704
-2.387085
-2.414246
-2.438660
-2.464600
-2.489929
-2.517090
-2.543335
-2.569275
-2.591553
-2.613831
-2.635498
-2.658386
-2.681885
-2.704163
-2.725830
-2.745667
-2.765808
-2.785339
-2.804260
-2.822571
-2.837830
-2.853394
-2.869568
-2.885742
-2.901001
-2.914429
-2.924194
-2.935791
-2.947693
-2.957153
-2.968140
-2.979126
-2.990417
-2.998962
-3.010254
-3.020325
-3.028870
-3.036804
-3.042603
-3.053894
-3.059998
-3.066406
-3.070374
-3.076172
-3.082275
-3.087463
-3.093567
-3.098755
-3.101501
-3.104858
-3.108521
-3.112793
-3.117981
-3.121338
-3.123169
-3.125610
-3.126831
-3.127441
-3.130798
-3.131409
-3.132324
-3.133850
-3.135071
-3.134460
-3.133545
-3.134766
-3.135071
-3.135071
-3.135071
-3.133545
-3.133545
-3.128967
-3.128967
-3.130493
-3.129578
-3.127747
-3.125305
-3.124084
-3.123169
-3.119812
-3.116455
-3.111877
-3.107910
-3.105164
-3.101501
-3.097839
-3.095093
-3.093567
-3.091736
-3.089905
-3.087463
-3.083496
-3.082275
-3.078918
-3.076172
-3.074036
-3.072205
-3.069763
-3.069458
-3.067627
-3.067932
-3.066101
-3.063354
-3.058167
-3.053894
-3.051758
-3.049927
-3.050842
-3.047791
-3.046875
-3.044434
-3.042603
-3.038940
-3.034668
-3.032837
-3.029480
-3.026428
-3.026733
-3.023682
-3.020630
-3.018799
-3.016052
-3.015137
-3.013611
-3.013000
-3.010559
-3.006897
-3.002930
-2.999573
-2.998657
-2.997437
-2.994690
-2.995911
-2.994385
-2.992249
-2.986755
-2.982483
-2.979736
-2.977295
-2.977295
-2.977600
-2.977295
-2.974854
-2.974548
-2.973938
-2.975159
-2.975159
-2.975159
-2.976685
-2.978210
-2.978516
-2.977600
-2.976379
-2.973328
-2.973328
-2.973022
-2.973022
-2.972717
-2.973328
-2.973633
-2.973633
-2.972107
-2.972412
-2.971802
-2.973938
-2.974854
-2.973938
-2.975464
-2.974548
-2.976074
-2.976685
-2.977905
-2.978516
-2.980347
-2.984619
-2.985229
-2.983398
-2.984314
-2.982788
-2.983398
-2.984314
-2.982483
-2.984619
-2.984009
-2.985229
-2.987976
-2.987671
-2.987366
-2.985840
-2.986755
-2.984924
-2.985535
-2.985229
-2.984009
-2.984619
-2.985229
-2.984314
-2.983093
-2.984619
-2.982178
-2.986145
-2.986755
-2.987671
-2.988281
-2.987976
-2.987366
-2.987366
-2.987976
-2.987671
-2.988586
-2.989502
-2.988281
-2.987671
-2.988586
-2.987976
-2.986755
-2.985840
-2.984619
-2.984924
-2.983398
-2.983398
-2.983093
-2.982178
-2.981567
-2.980347
-2.978516
-2.977295
-2.977295
-2.976379
-2.976685
-2.978210
-2.975769
-2.975464
-2.976990
-2.976685
-2.977905
-2.978821
-2.975464
-2.972717
-2.971497
-2.970581
-2.969360
-2.965393
-2.963257
-2.960510
-2.955017
-2.952271
-2.947083
-2.943726
-2.938843
-2.935791
-2.933655
-2.929688
-2.925720
-2.922974
-2.921448
-2.920532
-2.920837
-2.920227
-2.919617
-2.917786
-2.916260
-2.916565
-2.918091
-2.915039
-2.912292
-2.912903
-2.911682
-2.911072
-2.911072
-2.911682
-2.913513
-2.914429
-2.916260
-2.919006
-2.919617
-2.920837
-2.920532
-2.920837
-2.920837
-2.919922
-2.919922
-2.919617
-2.918396
-2.918091
-2.916565
-2.915955
-2.913208
-2.910767
-2.909241
-2.908630
-2.905273
-2.904053
-2.901917
-2.899475
-2.897339
-2.895508
-2.893372
-2.891235
-2.889099
-2.887268
-2.888184
-2.886963
-2.882996
-2.879639
-2.877197
-2.875671
-2.874756
-2.872925
-2.871399
-2.872009
-2.871399
-2.869568
-2.870178
-2.867737
-2.865295
-2.863770
-2.863159
-2.858887
-2.854004
-2.847290
-2.843323
-2.835083
-2.829590
-2.820740
-2.810974
-2.796021
-2.782593
-2.771301
-2.757263
-2.743835
-2.731323
-2.718506
-2.705383
-2.693481
-2.683105
-2.670898
-2.658081
-2.646790
-2.637634
-2.628174
-2.618408
-2.610168
-2.602234
-2.594299
-2.584534
-2.572937
-2.564087
-2.555847
-2.546692
-2.537537
-2.526855
-2.517090
-2.505798
-2.494507
-2.481995
-2.470703
-2.455750
-2.442017
-2.430420
-2.417297
-2.406921
-2.395935
-2.388000
-2.378235
-2.368164
-2.359009
-2.353516
-2.345276
-2.338257
-2.331848
-2.327576
-2.325745
-2.326355
-2.327881
-2.327881
-2.330933
-2.333679
-2.338562
-2.344666
-2.351379
-2.360229
-2.367249
-2.374268
-2.380981
-2.385559
-2.389221
-2.394104
-2.397766
-2.403259
-2.409668
-2.413940
-2.419739
-2.422180
-2.424622
-2.425842
-2.428894
-2.431946
-2.436829
-2.440491
-2.446899
-2.451477
-2.457581
-2.461243
-2.467957
-2.475891
-2.485046
-2.496338
-2.507019
-2.518311
-2.530212
-2.538452
-2.549744
-2.561646
-2.574158
-2.583313
-2.595825
-2.608032
-2.621460
-2.634277
-2.648926
-2.660522
-2.672424
-2.685852
-2.698669
-2.710571
-2.722168
-2.733459
-2.745361
-2.753906
-2.762146
-2.771606
-2.780151
-2.789612
-2.797241
-2.805786
-2.812805
-2.818298
-2.823486
-2.829895
-2.834167
-2.839966
-2.845764
-2.850342
-2.855530
-2.859497
-2.860718
-2.863464
-2.866516
-2.869568
-2.871704
-2.875366
-2.876587
-2.880859
-2.883301
-2.885132
-2.887878
-2.890625
-2.890625
-2.892456
-2.894287
-2.896423
-2.897339
-2.899170
-2.899780
-2.900085
-2.901306
-2.900696
-2.899780
-2.899170
-2.896118
-2.894592
-2.893372
-2.893066
-2.891846
-2.890320
-2.890625
-2.888489
-2.889404
-2.889099
-2.888184
-2.888794
-2.890015
-2.890930
-2.891541
-2.892151
-2.892456
-2.896423
-2.897034
-2.899475
-2.903442
-2.907104
-2.911377
-2.916260
-2.922974
-2.929993
-2.938843
-2.948608
-2.957764
-2.963562
-2.966614
-2.966309
-2.956848
-2.941589
-2.919312
-2.888794
-2.850952
-2.806702
-2.750854
-2.687073
-2.608337
-2.514954
-2.406921
-2.291870
-2.163086
-2.022095
-1.864319
-1.694641
-1.509705
-1.304932
-1.081848
-0.847168
-0.598755
-0.349731
-0.113525
0.100708
0.292969
0.463562
0.610352
0.738220
0.848694
0.944824
1.030579
1.109619
1.180725
1.244507
1.301575
1.353455
1.400146
1.443481
1.478882
1.508179
1.522827
1.504822
1.452332
1.374817
1.282959
1.169434
1.031494
0.869446
0.691528
0.497437
0.298462
0.089417
-0.128174
-0.350037
-0.569153
-0.783386
-0.983582
-1.174622
-1.354980
-1.520691
-1.669006
-1.801147
-1.917419
-2.020874
-2.114868
-2.201843
-2.281189
-2.357788
-2.427673
-2.497253
-2.560730
-2.621765
-2.676697
-2.727661
-2.777710
-2.823792
-2.863464
-2.897644
-2.931824
-2.962036
-2.988892
-3.012390
-3.032532
-3.047791
-3.059692
-3.068542
-3.075256
-3.079224
-3.079529
-3.077698
-3.073730
-3.068848
-3.059082
-3.048706
-3.036499
-3.023987
-3.012390
-3.000793
-2.987061
-2.973022
-2.959290
-2.943726
-2.930603
-2.914734
-2.899780
-2.884521
-2.871704
-2.857056
-2.845459
-2.830811
-2.817078
-2.806091
-2.793579
-2.781982
-2.772522
-2.761841
-2.753296
-2.742310
-2.731934
-2.721863
-2.713013
-2.702332
-2.692261
-2.683105
-2.673645
-2.662659
-2.652893
-2.644653
-2.633667
-2.624207
-2.614136
-2.606812
-2.598267
-2.586975
-2.575073
-2.562866
-2.549438
-2.536621
-2.523804
-2.513123
-2.504578
-2.494507
-2.484741
-2.479248
-2.469482
-2.461548
-2.456970
-2.451782
-2.446289
-2.440186
-2.433167
-2.426758
-2.419128
-2.411194
-2.400818
-2.390747
-2.378540
-2.368774
-2.359009
-2.347107
-2.336731
-2.324829
-2.312012
-2.300415
-2.288513
-2.279053
-2.270203
-2.259827
-2.250061
-2.239685
-2.231750
-2.221375
-2.211304
-2.201538
-2.192993
-2.183533
-2.173462
-2.164001
-2.153625
-2.143555
-2.131653
-2.120667
-2.110901
-2.101440
-2.092590
-2.082520
-2.071533
-2.060547
-2.048645
-2.040710
-2.033386
-2.026062
-2.018738
-2.011414
-2.003784
-1.995544
-1.983337
-1.971741
-1.957703
-1.944885
-1.929321
-1.916199
-1.897888
-1.881104
-1.865845
-1.850281
-1.835938
-1.821289
-1.805420
-1.789551
-1.772156
-1.755066
-1.738892
-1.723328
-1.709595
-1.696167
-1.683044
-1.669617
-1.652527
-1.636047
-1.618958
-1.602173
-1.586304
-1.566772
-1.553040
-1.536560
-1.520996
-1.504517
-1.489258
-1.474304
-1.458130
-1.441956
-1.425476
-1.406860
-1.389465
-1.370239
-1.351013
-1.338196
-1.322937
-1.306152
-1.288147
-1.272278
-1.256104
-1.241455
-1.225891
-1.212769
-1.199341
-1.185303
-1.173401
-1.163635
-1.154480
-1.145020
-1.136780
-1.126709
-1.119690
-1.114502
-1.109924
-1.101990
-1.096191
-1.091919
-1.089478
-1.088562
-1.084900
-1.082764
-1.077576
-1.073608
-1.064148
-1.058350
-1.056824
-1.054077
-1.059570
-1.061707
-1.065674
-1.068726
-1.073914
-1.081543
-1.094666
-1.106262
-1.116638
-1.127930
-1.141357
-1.152344
-1.166992
-1.181946
-1.199341
-1.214905
-1.233215
-1.253052
-1.273499
-1.295166
-1.317444
-1.341858
-1.365662
-1.392517
-1.418457
-1.443481
-1.469727
-1.496582
-1.523438
-1.553650
-1.583557
-1.609192
-1.640320
-1.670227
-1.700745
-1.732178
-1.760864
-1.793518
-1.825256
-1.858521
-1.889648
-1.921387
-1.951599
-1.983643
-2.016296
-2.048035
-2.079773
-2.111206
-2.142944
-2.174988
-2.207642
-2.238159
-2.269287
-2.299805
-2.330322
-2.359314
-2.385254
-2.413940
-2.441711
-2.469788
-2.496033
-2.523193
-2.549438
-2.575378
-2.600403
-2.623596
-2.645264
-2.667542
-2.688599
-2.709351
-2.729492
-2.748718
-2.768555
-2.787170
-2.804871
-2.822876
-2.840881
-2.857056
-2.872620
-2.888794
-2.902832
-2.915649
-2.929993
-2.944641
-2.958679
-2.972412
-2.986755
-2.999268
-3.013306
-3.023376
-3.032532
-3.039856
-3.049011
-3.055420
-3.062439
-3.069153
-3.074341
-3.080750
-3.085938
-3.092041
-3.097229
-3.101807
-3.104553
-3.106384
-3.111877
-3.117676
-3.124695
-3.129272
-3.133240
-3.134155
-3.135071
-3.136292
-3.135071
-3.133545
-3.131409
-3.130493
-3.130188
-3.130188
-3.128357
-3.127136
-3.124695
-3.124695
-3.120728
-3.119202
-3.118286
-3.113403
-3.110657
-3.109131
-3.107300
-3.106384
-3.105164
-3.104858
-3.103027
-3.102112
-3.100891
-3.099976
-3.098145
-3.097229
-3.096313
-3.093567
-3.091736
-3.092346
-3.091431
-3.090820
-3.091125
-3.088684
-3.088684
-3.088074
-3.091125
-3.090210
-3.091736
-3.091125
-3.089600
-3.087769
-3.085022
-3.081360
-3.076782
-3.072815
-3.070374
-3.067627
-3.066406
-3.063660
-3.063049
-3.060913
-3.058472
-3.052673
-3.048096
-3.045349
-3.042297
-3.037415
-3.034058
-3.030701
-3.028870
-3.030396
-3.028870
-3.027344
-3.026123
-3.025818
-3.024902
-3.022766
-3.021545
-3.020325
-3.019104
-3.020935
-3.019409
-3.020630
-3.020020
-3.019409
-3.018799
-3.019409
-3.019104
-3.016663
-3.017273
-3.013611
-3.011780
-3.012390
-3.013000
-3.011780
-3.011780
-3.010254
-3.011780
-3.010254
-3.009644
-3.009949
-3.010254
-3.009949
-3.011780
-3.014832
-3.016968
-3.020935
-3.023987
-3.026123
-3.027649
-3.030090
-3.033447
-3.035278
-3.035889
-3.038330
-3.038635
-3.040466
-3.042603
-3.042603
-3.044128
-3.043823
-3.045654
-3.045654
-3.045044
-3.045349
-3.042908
-3.040161
-3.039551
-3.040161
-3.040466
-3.036804
-3.035889
-3.035583
-3.036499
-3.037415
-3.036194
-3.035278
-3.034973
-3.034973
-3.035278
-3.037415
-3.038025
-3.038635
-3.039246
-3.037720
-3.037415
-3.038330
-3.038025
-3.039246
-3.040466
-3.039856
-3.038025
-3.038025
-3.038330
-3.036804
-3.036804
-3.036804
-3.038025
-3.037109
-3.040771
-3.041687
-3.041687
-3.042908
-3.044434
-3.045959
-3.046265
-3.049316
-3.050537
-3.052063
-3.054504
-3.057251
-3.058777
-3.060608
-3.060608
-3.060913
-3.062439
-3.061523
-3.060608
-3.060913
-3.061523
-3.060303
-3.060303
-3.060303
-3.060608
-3.060913
-3.063354
-3.063660
-3.064575
-3.067932
-3.069763
-3.069153
-3.068237
-3.068848
-3.068848
-3.068237
-3.066711
-3.066406
-3.066101
-3.066711
-3.067322
-3.067017
-3.067322
-3.065491
-3.064880
-3.064575
-3.064880
-3.063965
-3.063354
-3.063660
-3.063354
-3.062744
-3.063049
-3.062134
-3.061218
-3.059692
-3.058472
-3.057251
-3.056641
-3.058167
-3.056030
-3.052673
-3.055420
-3.056641
-3.058167
-3.056641
-3.056335
-3.054199
-3.053284
-3.049316
-3.045654
-3.042908
-3.038635
-3.035889
-3.034668
-3.033142
-3.032837
-3.029785
-3.026428
-3.024292
-3.022156
-3.019104
-3.017273
-3.013611
-3.009644
-3.006592
-3.005066
-3.002930
-3.001099
-2.998657
-2.992859
-2.994080
-2.994385
-2.989807
-2.986755
-2.984314
-2.982788
-2.982483
-2.979736
-2.978210
-2.976379
-2.977295
-2.976379
-2.974243
-2.973022
-2.972412
-2.971802
-2.971497
-2.969971
-2.968445
-2.969971
-2.972717
-2.972107
-2.971802
-2.969666
-2.967529
-2.966614
-2.965088
-2.963257
-2.962036
-2.958679
-2.956543
-2.960205
-2.961731
-2.960815
-2.960815
-2.960510
-2.961731
-2.960815
-2.961121
-2.962036
-2.961731
-2.961426
-2.962341
-2.962036
-2.960205
-2.958374
-2.952576
-2.946167
-2.938232
-2.928772
-2.920227
-2.913208
-2.904358
-2.893677
-2.879639
-2.864685
-2.852173
-2.837830
-2.824097
-2.808533
-2.796021
-2.781677
-2.769470
-2.756958
-2.746582
-2.738037
-2.730408
-2.719116
-2.709045
-2.700500
-2.692566
-2.684021
-2.675476
-2.667236
-2.658081
-2.650146
-2.640381
-2.631836
-2.621765
-2.612305
-2.603760
-2.593384
-2.582092
-2.571716
-2.562561
-2.550659
-2.541199
-2.531128
-2.518616
-2.508850
-2.497253
-2.490845
-2.480774
-2.471619
-2.464905
-2.456055
-2.449036
-2.443848
-2.440491
-2.436523
-2.434387
-2.434692
-2.434998
-2.438049
-2.442322
-2.446899
-2.451477
-2.456665
-2.463684
-2.472229
-2.481689
-2.489319
-2.497559
-2.501831
-2.509460
-2.517090
-2.521362
-2.528076
-2.532959
-2.541809
-2.547302
-2.554321
-2.561035
-2.566528
-2.569885
-2.574463
-2.580261
-2.583923
-2.589417
-2.595520
-2.601318
-2.607422
-2.611084
-2.618713
-2.625732
-2.635193
-2.644653
-2.651978
-2.659607
-2.667236
-2.677612
-2.688904
-2.699585
-2.710266
-2.721558
-2.734985
-2.747803
-2.761536
-2.776489
-2.788696
-2.800903
-2.811584
-2.822266
-2.835083
-2.844849
-2.854919
-2.864380
-2.872925
-2.881775
-2.890320
-2.897034
-2.902527
-2.908630
-2.912903
-2.916260
-2.922058
-2.926331
-2.931824
-2.936401
-2.940674
-2.943115
-2.944641
-2.944336
-2.947388
-2.949219
-2.950439
-2.950745
-2.950439
-2.950134
-2.949524
-2.949524
-2.947388
-2.944946
-2.941895
-2.942200
-2.939758
-2.940674
-2.939758
-2.940063
-2.939453
-2.941284
-2.944641
-2.946472
-2.948303
-2.948303
-2.949219
-2.950439
-2.951660
-2.953186
-2.954712
-2.956848
-2.957764
-2.958374
-2.960510
-2.957764
-2.957153
-2.958069
-2.958374
-2.961731
-2.963867
-2.965393
-2.965088
-2.964783
-2.966614
-2.972412
-2.976990
-2.980957
-2.983093
-2.987061
-2.990723
-2.998352
-3.005066
-3.012085
-3.024292
-3.030396
-3.034668
-3.034058
-3.030090
-3.016663
-2.996521
-2.969360
-2.934875
-2.894287
-2.846069
-2.790833
-2.726135
-2.644958
-2.549744
-2.443237
-2.320557
-2.192688
-2.050171
-1.887817
-1.713562
-1.517944
-1.296997
-1.064148
-0.828552
-0.578003
-0.335388
-0.106506
0.097046
0.279541
0.440063
0.576172
0.699463
0.806885
0.904846
0.992737
1.070862
1.141357
1.206055
1.264038
1.318359
1.366272
1.407776
1.446228
1.476135
1.471863
1.430969
1.357727
1.266479
1.161499
1.035767
0.893555
0.729370
0.541077
0.345154
0.138855
-0.074768
-0.288391
-0.497742
-0.698547
-0.896912
-1.089172
-1.266479
-1.432495
-1.578979
-1.712036
-1.828918
-1.936646
-2.036438
-2.128296
-2.212830
-2.291565
-2.364807
-2.433167
-2.495728
-2.554626
-2.610168
-2.660828
-2.707520
-2.749329
-2.789917
-2.827759
-2.863464
-2.895203
-2.923889
-2.950134
-2.972717
-2.990723
-3.007812
-3.020935
-3.033752
-3.042908
-3.052979
-3.056335
-3.058472
-3.059998
-3.059692
-3.057556
-3.052368
-3.049622
-3.047180
-3.043823
-3.038940
-3.028870
-3.021240
-3.013916
-3.006897
-2.997437
-2.990723
-2.983093
-2.976379
-2.969055
-2.961426
-2.955322
-2.947998
-2.941284
-2.933350
-2.925110
-2.915649
-2.907104
-2.896729
-2.886658
-2.878723
-2.865601
-2.858276
-2.846375
-2.834778
-2.821960
-2.810669
-2.794189
-2.781067
-2.767334
-2.755737
-2.745667
-2.736511
-2.728271
-2.718811
-2.709045
-2.698669
-2.690735
-2.680054
-2.672119
-2.666321
-2.659302
-2.653198
-2.645264
-2.637329
-2.629089
-2.624207
-2.616577
-2.608948
-2.602539
-2.596436
-2.587280
-2.577515
-2.567749
-2.559814
-2.551575
-2.543640
-2.537842
-2.527771
-2.518616
-2.509766
-2.500916
-2.492371
-2.486572
-2.477112
-2.470398
-2.462158
-2.453308
-2.446594
-2.439575
-2.431946
-2.420044
-2.410889
-2.402954
-2.394714
-2.385254
-2.379456
-2.374573
-2.369995
-2.364502
-2.356873
-2.350159
-2.341614
-2.334595
-2.324524
-2.317200
-2.311401
-2.304688
-2.297668
-2.287598
-2.278442
-2.271118
-2.261047
-2.249756
-2.239685
-2.228088
-2.219543
-2.206421
-2.194519
-2.179871
-2.164307
-2.150269
-2.135620
-2.122803
-2.109375
-2.095337
-2.081299
-2.065430
-2.052612
-2.037964
-2.022095
-2.005615
-1.989441
-1.974792
-1.957703
-1.942444
-1.928101
-1.913452
-1.899109
-1.881409
-1.864929
-1.849060
-1.831360
-1.814575
-1.798706
-1.779480
-1.762085
-1.743164
-1.726379
-1.710205
-1.694336
-1.677246
-1.659241
-1.642761
-1.628418
-1.613770
-1.597900
-1.582642
-1.565857
-1.549988
-1.533813
-1.518555
-1.503906
-1.489868
-1.475220
-1.461792
-1.446533
-1.427917
-1.409302
-1.391907
-1.373901
-1.359253
-1.343994
-1.331787
-1.322021
-1.311340
-1.303711
-1.296997
-1.292419
-1.285706
-1.279297
-1.273193
-1.268005
-1.263733
-1.261902
-1.257324
-1.253967
-1.250000
-1.249695
-1.246643
-1.245422
-1.242676
-1.243286
-1.244507
-1.246948
-1.247253
-1.252136
-1.256409
-1.260681
-1.264648
-1.272278
-1.280518
-1.291504
-1.300659
-1.310425
-1.322021
-1.335144
-1.347656
-1.363220
-1.380920
-1.398926
-1.421509
-1.442261
-1.464539
-1.487427
-1.510010
-1.533203
-1.558228
-1.584167
-1.611328
-1.638489
-1.668701
-1.699219
-1.728516
-1.758728
-1.790161
-1.821899
-1.853333
-1.885071
-1.919250
-1.950378
-1.981812
-2.014465
-2.049561
-2.082825
-2.117004
-2.148743
-2.179260
-2.210999
-2.242126
-2.273560
-2.306213
-2.338257
-2.369690
-2.398682
-2.427979
-2.456970
-2.485962
-2.513123
-2.542725
-2.570801
-2.598877
-2.625732
-2.654724
-2.684326
-2.710876
-2.735901
-2.760315
-2.784729
-2.807922
-2.831116
-2.853699
-2.875061
-2.895813
-2.914124
-2.934875
-2.956543
-2.975464
-2.991638
-3.012085
-3.025818
-3.039246
-3.053284
-3.066406
-3.079834
-3.092041
-3.103333
-3.115234
-3.126526
-3.140564
-3.152771
-3.164978
-3.176270
-3.184814
-3.193970
-3.200684
-3.208618
-3.218689
-3.227234
-3.232727
-3.239746
-3.246155
-3.252563
-3.257446
-3.261414
-3.267212
-3.270874
-3.275452
-3.279419
-3.284302
-3.286438
-3.288879
-3.288269
-3.290100
-3.292542
-3.293457
-3.293457
-3.292236
-3.292236
-3.291931
-3.290405
-3.288269
-3.286743
-3.286133
-3.283081
-3.279419
-3.275452
-3.269958
-3.269043
-3.266296
-3.264160
-3.262634
-3.260498
-3.258362
-3.255920
-3.252869
-3.251343
-3.247986
-3.246765
-3.243713
-3.241882
-3.238220
-3.238525
-3.234253
-3.231201
-3.230591
-3.226624
-3.222046
-3.218689
-3.217163
-3.216858
-3.215942
-3.212891
-3.209839
-3.206177
-3.203125
-3.199768
-3.197021
-3.193359
-3.190308
-3.189392
-3.186951
-3.183899
-3.182068
-3.178406
-3.178711
-3.175354
-3.172913
-3.171387
-3.171387
-3.171692
-3.173828
-3.174133
-3.176270
-3.179626
-3.182678
-3.184204
-3.183899
-3.186646
-3.187561
-3.189087
-3.189697
-3.189392
-3.186646
-3.184814
-3.184509
-3.183289
-3.183289
-3.182373
-3.182068
-3.181763
-3.181152
-3.181458
-3.179932
-3.179626
-3.178101
-3.174744
-3.175354
-3.175964
-3.174133
-3.171692
-3.169556
-3.167419
-3.166504
-3.165588
-3.162537
-3.161621
-3.161316
-3.158569
-3.162231
-3.162537
-3.161316
-3.162537
-3.162537
-3.163147
-3.164368
-3.162231
-3.161621
-3.161621
-3.162231
-3.160095
-3.160095
-3.159180
-3.157349
-3.157654
-3.155823
-3.153687
-3.153687
-3.154297
-3.152466
-3.152161
-3.153076
-3.153381
-3.153381
-3.152771
-3.156433
-3.158264
-3.160400
-3.162537
-3.166199
-3.165283
-3.166809
-3.166809
-3.168640
-3.170166
-3.168335
-3.171082
-3.170166
-3.171387
-3.170776
-3.170471
-3.170166
-3.170776
-3.168030
-3.168335
-3.165894
-3.164978
-3.161926
-3.162231
-3.160706
-3.160095
-3.158569
-3.157349
-3.157043
-3.157959
-3.160400
-3.161011
-3.162231
-3.163757
-3.161621
-3.161621
-3.162537
-3.163147
-3.162537
-3.161011
-3.158264
-3.156128
-3.152771
-3.151550
-3.149719
-3.150330
-3.149109
-3.146667
-3.145447
-3.144226
-3.144226
-3.143005
-3.143311
-3.142700
-3.141174
-3.141785
-3.141479
-3.141785
-3.144836
-3.145752
-3.145752
-3.144531
-3.145752
-3.145447
-3.146057
-3.145142
-3.145142
-3.145752
-3.146667
-3.147278
-3.146973
-3.149414
-3.150635
-3.149414
-3.148193
-3.148193
-3.147888
-3.147278
-3.147888
-3.147278
-3.146057
-3.144226
-3.141479
-3.141174
-3.140564
-3.139343
-3.139648
-3.133545
-3.132629
-3.130493
-3.128052
-3.125305
-3.122864
-3.120728
-3.118286
-3.116760
-3.115540
-3.114014
-3.110657
-3.110962
-3.109741
-3.110352
-3.109436
-3.110352
-3.109131
-3.107605
-3.106995
-3.102417
-3.099670
-3.097534
-3.094788
-3.092346
-3.090210
-3.089600
-3.087769
-3.082581
-3.078003
-3.075562
-3.072510
-3.070679
-3.066711
-3.064270
-3.063354
-3.064270
-3.061829
-3.060913
-3.061523
-3.059998
-3.059387
-3.056641
-3.058472
-3.059387
-3.060608
-3.062134
-3.064270
-3.063049
-3.062134
-3.060913
-3.062134
-3.063049
-3.062134
-3.059082
-3.057251
-3.056030
-3.054810
-3.054504
-3.049927
-3.045349
-3.042297
-3.038635
-3.036499
-3.032227
-3.027954
-3.025513
-3.022766
-3.019714
-3.017273
-3.016052
-3.013000
-3.010559
-3.008423
-3.007507
-3.006287
-3.005676
-3.002930
-3.003235
-3.002014
-3.003235
-3.000183
-2.998047
-2.996826
-2.994995
-2.993774
-2.993469
-2.992554
-2.989807
-2.990112
-2.987061
-2.985840
-2.984924
-2.982788
-2.982178
-2.980042
-2.977905
-2.975464
-2.972107
-2.969055
-2.962646
-2.955322
-2.947998
-2.938843
-2.930298
-2.919617
-2.907715
-2.897339
-2.884216
-2.870789
-2.855835
-2.841797
-2.825623
-2.812195
-2.797546
-2.782898
-2.768860
-2.756958
-2.744751
-2.733765
-2.723083
-2.715149
-2.708435
-2.699890
-2.692566
-2.684631
-2.677002
-2.667236
-2.660828
-2.653198
-2.647095
-2.640076
-2.630005
-2.620850
-2.613220
-2.602844
-2.594299
-2.583923
-2.571106
-2.560730
-2.547302
-2.537231
-2.528381
-2.517700
-2.508240
-2.499390
-2.492981
-2.485962
-2.475891
-2.471924
-2.465515
-2.462158
-2.459412
-2.460022
-2.460938
-2.463989
-2.468872
-2.472534
-2.474670
-2.478638
-2.482605
-2.490845
-2.497253
-2.503662
-2.510681
-2.516479
-2.520447
-2.523499
-2.528381
-2.533264
-2.540894
-2.546387
-2.551270
-2.555847
-2.559814
-2.563782
-2.567139
-2.570496
-2.575378
-2.578125
-2.584229
-2.591553
-2.597961
-2.604675
-2.612000
-2.619324
-2.630005
-2.640076
-2.649536
-2.659302
-2.671509
-2.681580
-2.693176
-2.702942
-2.715149
-2.727051
-2.739258
-2.752686
-2.767944
-2.781982
-2.796326
-2.806396
-2.818298
-2.828369
-2.839355
-2.849121
-2.858276
-2.866516
-2.875977
-2.883606
-2.892456
-2.899475
-2.906494
-2.914734
-2.921143
-2.926941
-2.932434
-2.938843
-2.944031
-2.949524
-2.955017
-2.959595
-2.963867
-2.969360
-2.974548
-2.981262
-2.983398
-2.987061
-2.989502
-2.992554
-2.996826
-3.001099
-3.004761
-3.008118
-3.011169
-3.013611
-3.017578
-3.018799
-3.020935
-3.024292
-3.025208
-3.027039
-3.026123
-3.026123
-3.027649
-3.029480
-3.030396
-3.029175
-3.027954
-3.024292
-3.025513
-3.026428
-3.027649
-3.027039
-3.028259
-3.027344
-3.029175
-3.032532
-3.034973
-3.038635
-3.040466
-3.040466
-3.041992
-3.046265
-3.050537
-3.054504
-3.059082
-3.060913
-3.064575
-3.070374
-3.076172
-3.082581
-3.090210
-3.096619
-3.104248
-3.110352
-3.112183
-3.110657
-3.106079
-3.094788
-3.078918
-3.057251
-3.027649
-2.989807
-2.943726
-2.889404
-2.829590
-2.757263
-2.670898
-2.572937
-2.460632
-2.341003
-2.210693
-2.062378
-1.896667
-1.715088
-1.517639
-1.305847
-1.081238
-0.840149
-0.583801
-0.343018
-0.119019
0.083618
0.263672
0.421753
0.563354
0.689392
0.802612
0.904846
0.993042
1.072083
1.144104
1.211243
1.269531
1.322327
1.373596
1.414490
1.445618
1.451111
1.423645
1.362915
1.281433
1.182556
1.061707
0.921021
0.763855
0.592651
0.404663
0.208435
-0.001526
-0.213013
-0.424805
-0.631714
-0.836182
-1.036377
-1.226501
-1.399231
-1.556091
-1.697693
-1.826782
-1.947632
-2.058105
-2.160950
-2.252502
-2.336121
-2.414856
-2.491760
-2.562866
-2.627258
-2.685242
-2.739258
-2.790527
-2.834473
-2.874756
-2.912292
-2.947693
-2.978516
-3.007507
-3.033142
-3.056946
-3.074646
-3.087463
-3.099060
-3.108215
-3.116760
-3.120117
-3.123169
-3.124390
-3.121643
-3.117065
-3.113708
-3.106384
-3.096619
-3.089905
-3.080139
-3.068542
-3.055420
-3.043823
-3.033142
-3.021545
-3.010254
-2.999573
-2.988892
-2.979126
-2.968750
-2.958984
-2.947693
-2.933960
-2.924805
-2.917175
-2.910156
-2.901917
-2.891541
-2.880249
-2.871094
-2.862549
-2.850037
-2.842102
-2.834473
-2.827148
-2.816772
-2.806702
-2.798767
-2.792053
-2.782898
-2.772827
-2.763062
-2.756042
-2.747803
-2.739258
-2.730103
-2.718811
-2.709656
-2.701416
-2.693787
-2.686462
-2.678833
-2.670898
-2.664490
-2.657471
-2.650146
-2.640991
-2.632141
-2.622986
-2.615051
-2.608948
-2.601624
-2.590942
-2.580261
-2.572021
-2.563171
-2.553101
-2.545166
-2.535095
-2.526550
-2.518005
-2.507019
-2.501526
-2.492676
-2.487183
-2.479248
-2.469788
-2.462769
-2.453308
-2.445374
-2.437134
-2.425232
-2.413635
-2.404175
-2.395325
-2.384338
-2.373657
-2.362671
-2.353821
-2.345276
-2.336121
-2.328491
-2.320251
-2.313538
-2.304077
-2.295837
-2.288513
-2.280579
-2.269897
-2.259521
-2.249756
-2.239075
-2.230225
-2.217102
-2.205200
-2.192688
-2.180786
-2.167358
-2.157593
-2.147827
-2.138977
-2.130432
-2.123108
-2.115173
-2.105103
-2.092896
-2.081604
-2.069397
-2.058411
-2.045593
-2.034607
-2.023926
-2.010803
-1.999207
-1.986389
-1.974182
-1.961670
-1.949158
-1.931152
-1.916504
-1.900330
-1.885376
-1.868286
-1.853333
-1.837158
-1.820374
-1.804199
-1.786499
-1.769104
-1.750183
-1.732788
-1.712036
-1.694336
-1.679077
-1.663513
-1.643372
-1.625671
-1.606445
-1.588135
-1.569824
-1.550598
-1.530762
-1.508179
-1.489258
-1.473083
-1.455994
-1.441040
-1.424255
-1.410217
-1.393738
-1.378479
-1.363525
-1.348877
-1.335449
-1.324158
-1.311340
-1.298828
-1.287231
-1.278076
-1.268311
-1.260071
-1.249084
-1.238708
-1.229553
-1.221008
-1.213074
-1.208496
-1.205750
-1.203308
-1.200256
-1.199341
-1.199646
-1.199036
-1.200256
-1.201477
-1.200562
-1.201782
-1.205139
-1.209717
-1.214905
-1.221008
-1.229553
-1.241150
-1.251526
-1.262207
-1.276550
-1.291199
-1.308289
-1.325684
-1.342773
-1.362000
-1.380920
-1.401062
-1.423035
-1.446228
-1.470032
-1.495667
-1.521606
-1.548157
-1.575317
-1.603394
-1.630554
-1.656189
-1.684265
-1.714478
-1.745300
-1.776123
-1.807251
-1.840210
-1.871338
-1.902161
-1.932068
-1.961670
-1.994629
-2.026062
-2.057190
-2.091064
-2.121887
-2.152710
-2.182922
-2.213135
-2.242737
-2.271118
-2.301331
-2.330017
-2.360535
-2.390442
-2.417908
-2.446594
-2.474670
-2.500610
-2.528076
-2.554321
-2.582092
-2.607727
-2.634888
-2.659302
-2.685242
-2.710571
-2.734375
-2.757568
-2.781067
-2.802124
-2.823792
-2.844849
-2.864990
-2.885132
-2.903137
-2.921143
-2.939758
-2.955017
-2.973938
-2.987976
-3.003845
-3.018188
-3.031006
-3.045349
-3.059082
-3.073425
-3.085632
-3.098145
-3.107300
-3.119202
-3.131104
-3.140869
-3.151855
-3.160706
-3.167725
-3.172302
-3.175964
-3.178711
-3.181763
-3.186340
-3.190613
-3.196106
-3.200378
-3.203735
-3.205261
-3.206787
-3.207092
-3.208008
-3.208008
-3.210144
-3.210449
-3.212585
-3.215027
-3.218079
-3.216553
-3.216858
-3.218384
-3.217468
-3.218689
-3.217773
-3.216553
-3.214111
-3.213501
-3.212280
-3.211060
-3.209839
-3.208313
-3.208008
-3.207092
-3.204956
-3.203735
-3.202209
-3.198853
-3.197021
-3.193665
-3.193054
-3.192444
-3.190918
-3.187866
-3.185120
-3.182068
-3.179321
-3.176575
-3.173218
-3.170471
-3.165894
-3.164062
-3.159485
-3.154602
-3.152161
-3.148499
-3.146667
-3.145142
-3.142395
-3.142700
-3.142700
-3.140869
-3.139343
-3.139038
-3.140564
-3.141174
-3.140564
-3.139343
-3.137817
-3.135376
-3.134766
-3.135376
-3.134460
-3.133545
-3.132629
-3.131714
-3.128967
-3.127747
-3.127441
-3.126831
-3.125000
-3.126221
-3.125000
-3.123474
-3.122559
-3.120117
-3.120117
-3.118896
-3.117981
-3.117981
-3.116150
-3.113403
-3.111877
-3.113403
-3.115234
-3.114624
-3.113708
-3.114319
-3.115540
-3.114319
-3.114319
-3.114624
-3.111877
-3.109131
-3.106689
-3.104248
-3.099976
-3.096619
-3.093262
-3.092651
-3.092346
-3.091431
-3.090820
-3.089905
-3.088379
-3.089600
-3.090515
-3.091431
-3.090515
-3.088379
-3.088989
-3.089905
-3.090515
-3.091125
-3.093567
-3.095703
-3.096008
-3.100586
-3.100891
-3.103333
-3.105774
-3.107605
-3.108521
-3.109436
-3.110352
-3.110962
-3.111572
-3.110352
-3.111267
-3.111267
-3.111572
-3.110657
-3.110352
-3.109436
-3.106995
-3.105469
-3.104248
-3.103943
-3.104248
-3.104858
-3.104248
-3.102417
-3.101807
-3.100586
-3.100586
-3.101807
-3.102112
-3.103333
-3.103333
-3.103333
-3.104248
-3.105469
-3.106079
-3.105164
-3.106384
-3.107300
-3.108215
-3.109436
-3.112488
-3.115540
-3.118286
-3.120422
-3.123474
-3.124695
-3.125305
-3.126831
-3.126221
-3.127747
-3.127136
-3.129272
-3.128357
-3.129883
-3.129883
-3.128357
-3.124084
-3.119812
-3.119202
-3.116455
-3.113708
-3.114319
-3.112793
-3.113098
-3.112793
-3.111267
-3.113098
-3.113708
-3.115234
-3.117065
-3.118286
-3.118896
-3.117371
-3.116455
-3.115845
-3.116455
-3.117676
-3.115845
-3.117065
-3.112488
-3.111267
-3.110046
-3.109741
-3.105469
-3.102417
-3.095703
-3.092346
-3.086548
-3.081055
-3.076172
-3.070679
-3.070374
-3.067322
-3.066406
-3.065186
-3.064270
-3.064270
-3.063660
-3.063354
-3.062744
-3.062744
-3.063354
-3.062744
-3.061829
-3.061829
-3.058472
-3.057251
-3.056641
-3.054504
-3.052673
-3.052063
-3.049622
-3.049927
-3.051453
-3.051453
-3.050842
-3.047791
-3.045654
-3.045654
-3.046570
-3.045654
-3.045349
-3.044128
-3.045349
-3.046875
-3.046570
-3.047180
-3.046875
-3.047485
-3.050537
-3.049316
-3.048401
-3.046265
-3.045349
-3.044434
-3.043518
-3.043213
-3.040771
-3.038635
-3.036804
-3.034668
-3.032837
-3.030701
-3.030701
-3.029175
-3.028870
-3.029175
-3.026428
-3.023987
-3.021545
-3.019714
-3.018188
-3.016357
-3.011475
-3.008423
-3.007202
-3.002319
-3.001099
-2.999573
-2.998352
-2.997437
-2.995605
-2.993469
-2.991943
-2.991333
-2.988892
-2.986145
-2.985840
-2.983398
-2.981567
-2.981567
-2.980042
-2.979736
-2.976990
-2.975464
-2.976074
-2.976990
-2.977905
-2.979431
-2.977600
-2.976685
-2.976379
-2.975769
-2.974854
-2.972412
-2.971802
-2.971497
-2.972717
-2.973938
-2.974854
-2.974243
-2.975159
-2.975769
-2.975769
-2.974854
-2.973938
-2.969971
-2.964478
-2.958069
-2.950745
-2.943726
-2.935486
-2.925720
-2.915039
-2.904358
-2.892761
-2.879028
-2.865295
-2.851562
-2.836304
-2.820435
-2.802734
-2.788086
-2.774658
-2.761841
-2.747192
-2.733765
-2.719727
-2.710571
-2.699280
-2.689514
-2.678528
-2.670288
-2.661133
-2.653809
-2.646790
-2.640686
-2.634277
-2.626648
-2.618713
-2.610168
-2.600708
-2.590027
-2.576904
-2.564392
-2.552185
-2.540283
-2.527771
-2.512207
-2.497253
-2.485352
-2.472839
-2.463379
-2.452087
-2.439270
-2.428894
-2.418518
-2.409973
-2.401428
-2.395020
-2.389832
-2.385559
-2.383423
-2.382202
-2.381592
-2.382812
-2.384644
-2.387085
-2.392883
-2.395325
-2.402039
-2.406921
-2.413940
-2.421265
-2.426758
-2.431030
-2.434692
-2.439270
-2.446289
-2.451477
-2.457886
-2.464600
-2.471313
-2.479858
-2.484741
-2.490540
-2.496033
-2.500916
-2.506714
-2.512207
-2.516785
-2.521667
-2.526550
-2.532654
-2.539062
-2.544556
-2.553101
-2.562561
-2.572327
-2.581177
-2.589722
-2.601013
-2.611389
-2.623291
-2.633362
-2.645874
-2.658691
-2.673035
-2.687378
-2.701721
-2.716370
-2.731323
-2.745056
-2.759094
-2.771912
-2.785339
-2.799072
-2.808228
-2.817688
-2.826538
-2.834167
-2.840576
-2.848816
-2.856750
-2.863464
-2.869873
-2.875366
-2.880249
-2.883911
-2.888489
-2.890625
-2.893372
-2.895813
-2.900696
-2.902832
-2.908020
-2.910461
-2.914429
-2.918091
-2.920532
-2.920837
-2.922974
-2.926025
-2.927856
-2.929077
-2.929077
-2.929688
-2.929077
-2.929993
-2.930603
-2.932434
-2.933655
-2.934875
-2.936096
-2.935486
-2.935791
-2.937622
-2.937622
-2.937317
-2.937622
-2.938843
-2.940674
-2.942810
-2.943115
-2.942505
-2.941895
-2.941589
-2.940369
-2.941589
-2.942810
-2.946472
-2.945557
-2.947388
-2.951355
-2.953186
-2.957153
-2.962952
-2.967529
-2.972412
-2.977905
-2.983093
-2.988892
-2.995911
-3.001099
-3.008728
-3.016968
-3.023987
-3.026733
-3.026733
-3.020630
-3.008423
-2.990112
-2.964478
-2.933044
-2.892456
-2.843018
-2.782898
-2.716370
-2.635498
-2.539978
-2.433472
-2.316589
-2.189941
-2.047119
-1.888428
-1.716919
-1.531372
-1.325989
-1.106873
-0.872803
-0.629272
-0.374146
-0.134583
0.082703
0.274048
0.442810
0.589600
0.717468
0.832214
0.931091
1.017151
1.094971
1.165466
1.229553
1.286926
1.338196
1.386108
1.428528
1.461792
1.481628
1.471252
1.426392
1.353149
1.263733
1.157532
1.024475
0.870056
0.700378
0.518188
0.319519
0.114441
-0.099182
-0.314026
-0.527039
-0.733948
-0.938721
-1.135254
-1.323547
-1.497803
-1.654663
-1.797180
-1.924438
-2.035217
-2.138977
-2.234192
-2.321472
-2.400208
-2.474976
-2.546692
-2.613220
-2.674255
-2.729492
-2.781372
-2.830200
-2.873840
-2.914124
-2.949829
-2.984924
-3.016663
-3.044739
-3.069763
-3.091125
-3.110046
-3.122559
-3.132935
-3.142090
-3.150635
-3.153992
-3.155212
-3.153076
-3.149414
-3.144531
-3.137207
-3.128967
-3.119812
-3.110352
-3.100281
-3.091431
-3.081665
-3.071899
-3.060303
-3.049316
-3.035889
-3.022766
-3.009644
-2.998962
-2.987366
-2.978210
-2.967224
-2.958069
-2.948303
-2.936707
-2.927246
-2.917480
-2.905884
-2.895203
-2.885132
-2.874756
-2.863464
-2.853699
-2.842102
-2.831421
-2.820740
-2.814026
-2.806091
-2.797546
-2.788391
-2.778625
-2.768555
-2.760010
-2.752075
-2.743225
-2.734985
-2.727356
-2.718811
-2.708740
-2.699890
-2.691650
-2.681885
-2.673645
-2.666016
-2.657471
-2.648010
-2.636719
-2.626343
-2.617798
-2.608643
-2.599792
-2.588196
-2.578430
-2.569580
-2.562256
-2.552795
-2.545776
-2.538757
-2.531738
-2.524719
-2.517090
-2.509766
-2.502747
-2.495422
-2.487183
-2.479248
-2.471313
-2.462769
-2.456665
-2.449341
-2.442627
-2.435303
-2.427673
-2.417908
-2.406006
-2.395020
-2.384338
-2.372437
-2.360535
-2.349548
-2.337952
-2.328796
-2.316284
-2.306824
-2.294922
-2.283936
-2.271118
-2.260437
-2.252197
-2.243652
-2.235413
-2.226257
-2.219849
-2.213135
-2.204285
-2.194214
-2.182922
-2.170410
-2.158508
-2.146912
-2.135010
-2.122803
-2.110901
-2.099304
-2.089539
-2.078552
-2.067566
-2.056274
-2.043762
-2.033386
-2.021484
-2.007751
-1.991882
-1.979065
-1.967163
-1.954956
-1.942749
-1.927490
-1.911316
-1.896057
-1.881409
-1.864319
-1.846313
-1.829529
-1.812134
-1.791992
-1.774292
-1.757507
-1.740723
-1.723022
-1.704102
-1.685791
-1.668396
-1.651917
-1.633911
-1.617126
-1.599121
-1.583252
-1.565552
-1.548462
-1.530151
-1.511841
-1.495667
-1.478271
-1.459961
-1.443481
-1.427612
-1.413879
-1.400146
-1.385193
-1.369324
-1.354980
-1.342468
-1.331482
-1.320496
-1.309509
-1.297607
-1.289673
-1.280212
-1.272278
-1.262817
-1.255493
-1.248779
-1.242371
-1.237183
-1.232300
-1.228333
-1.224365
-1.222229
-1.221008
-1.220703
-1.220703
-1.223450
-1.224365
-1.226501
-1.230164
-1.238098
-1.244202
-1.250000
-1.254272
-1.258240
-1.267395
-1.278076
-1.289978
-1.300354
-1.311035
-1.323242
-1.337891
-1.354980
-1.369324
-1.387329
-1.405334
-1.424561
-1.443481
-1.462708
-1.484985
-1.506042
-1.529541
-1.554565
-1.580200
-1.606750
-1.633606
-1.661072
-1.687927
-1.715698
-1.744690
-1.774902
-1.805725
-1.834412
-1.864624
-1.892700
-1.924438
-1.953430
-1.983948
-2.013245
-2.042847
-2.073669
-2.104187
-2.135925
-2.166748
-2.197266
-2.226868
-2.258606
-2.290344
-2.319031
-2.347107
-2.377625
-2.406311
-2.433777
-2.462158
-2.490540
-2.518005
-2.543945
-2.570496
-2.597046
-2.622375
-2.648010
-2.672424
-2.697144
-2.720337
-2.745361
-2.766724
-2.790833
-2.812500
-2.834778
-2.854309
-2.874451
-2.893982
-2.912292
-2.930298
-2.945251
-2.962646
-2.979431
-2.994385
-3.009949
-3.025208
-3.038025
-3.050232
-3.062439
-3.075562
-3.085938
-3.096924
-3.105774
-3.115234
-3.124390
-3.133240
-3.142090
-3.147583
-3.152466
-3.159180
-3.165894
-3.172607
-3.175964
-3.180847
-3.185425
-3.190918
-3.194580
-3.197937
-3.200989
-3.199768
-3.202515
-3.204651
-3.204346
-3.205261
-3.206482
-3.206787
-3.206177
-3.205872
-3.205872
-3.204041
-3.201904
-3.200684
-3.200073
-3.199463
-3.199158
-3.197021
-3.196411
-3.196106
-3.194885
-3.193359
-3.192444
-3.192749
-3.193054
-3.192749
-3.192444
-3.190002
-3.188477
-3.184814
-3.181458
-3.177490
-3.174133
-3.170776
-3.165283
-3.164368
-3.162231
-3.161011
-3.160095
-3.156433
-3.152466
-3.152466
-3.151550
-3.150330
-3.147888
-3.145142
-3.144226
-3.142395
-3.142700
-3.139648
-3.135681
-3.132629
-3.129883
-3.130188
-3.129272
-3.126831
-3.124695
-3.122253
-3.119812
-3.117981
-3.118591
-3.118591
-3.116760
-3.115845
-3.112183
-3.110352
-3.109131
-3.106689
-3.106384
-3.104553
-3.104248
-3.103333
-3.103943
-3.103638
-3.101807
-3.100281
-3.099670
-3.101196
-3.101501
-3.101196
-3.102112
-3.102722
-3.103943
-3.103943
-3.102722
-3.103638
-3.104553
-3.105774
-3.106384
-3.104858
-3.106079
-3.108215
-3.109436
-3.110046
-3.111267
-3.110962
-3.110962
-3.110657
-3.111877
-3.108521
-3.107605
-3.102417
-3.102112
-3.103333
-3.103333
-3.102722
-3.100586
-3.096619
-3.094177
-3.090515
-3.087463
-3.083801
-3.081970
-3.081970
-3.082581
-3.082275
-3.081055
-3.080750
-3.081360
-3.081665
-3.081055
-3.080444
-3.078918
-3.078308
-3.076782
-3.075256
-3.074951
-3.077087
-3.075867
-3.076477
-3.077698
-3.080444
-3.084106
-3.083496
-3.083801
-3.086548
-3.085632
-3.085938
-3.085632
-3.083801
-3.084412
-3.083191
-3.083191
-3.081360
-3.082275
-3.081970
-3.081970
-3.080139
-3.077698
-3.074341
-3.072815
-3.070984
-3.069763
-3.071594
-3.070374
-3.068542
-3.066101
-3.068237
-3.069153
-3.068542
-3.068542
-3.067322
-3.068542
-3.068542
-3.068237
-3.070068
-3.071594
-3.070374
-3.070679
-3.069153
-3.068848
-3.069458
-3.070374
-3.070068
-3.070374
-3.071594
-3.072510
-3.072510
-3.070679
-3.068848
-3.065491
-3.063354
-3.061523
-3.060303
-3.058777
-3.058472
-3.060913
-3.066101
-3.067322
-3.069153
-3.070374
-3.070679
-3.072510
-3.074341
-3.073425
-3.073425
-3.072815
-3.072510
-3.074036
-3.074951
-3.074951
-3.074036
-3.073425
-3.073730
-3.073425
-3.072510
-3.070679
-3.068542
-3.067322
-3.065186
-3.062439
-3.059387
-3.057861
-3.055725
-3.052368
-3.050842
-3.049316
-3.045959
-3.041992
-3.038940
-3.036804
-3.035583
-3.034973
-3.031921
-3.030396
-3.028564
-3.030090
-3.032227
-3.029480
-3.026733
-3.023682
-3.022156
-3.020325
-3.017883
-3.016052
-3.015442
-3.015442
-3.012390
-3.008423
-3.004456
-3.001709
-2.997131
-2.992859
-2.989197
-2.985535
-2.980957
-2.977295
-2.973938
-2.972717
-2.972107
-2.970886
-2.971191
-2.971802
-2.973022
-2.971802
-2.972107
-2.971802
-2.972412
-2.973938
-2.973938
-2.973633
-2.974854
-2.973328
-2.973022
-2.972717
-2.972717
-2.968750
-2.967834
-2.966919
-2.965088
-2.966614
-2.962036
-2.958069
-2.957458
-2.958069
-2.955933
-2.956543
-2.956848
-2.956543
-2.958069
-2.957764
-2.957458
-2.953796
-2.950439
-2.945862
-2.941589
-2.937317
-2.930298
-2.920532
-2.910767
-2.900696
-2.888184
-2.874451
-2.860107
-2.846985
-2.830200
-2.813721
-2.799377
-2.788086
-2.774963
-2.761536
-2.750549
-2.737427
-2.727356
-2.715759
-2.705383
-2.694397
-2.683105
-2.673645
-2.663879
-2.655029
-2.645569
-2.637634
-2.627258
-2.618103
-2.610474
-2.600403
-2.589417
-2.576904
-2.566833
-2.555847
-2.544556
-2.530212
-2.516174
-2.501831
-2.489319
-2.475586
-2.464905
-2.450256
-2.439880
-2.426758
-2.418823
-2.413025
-2.407227
-2.401733
-2.396545
-2.395020
-2.393799
-2.391968
-2.388306
-2.387695
-2.388611
-2.389526
-2.391663
-2.395020
-2.399597
-2.406006
-2.412109
-2.418213
-2.422485
-2.429199
-2.434998
-2.439575
-2.444458
-2.450256
-2.455750
-2.460938
-2.468567
-2.476196
-2.481689
-2.488708
-2.494507
-2.502136
-2.506409
-2.512207
-2.516785
-2.523804
-2.530518
-2.535400
-2.542419
-2.550659
-2.559509
-2.567749
-2.580261
-2.589111
-2.599182
-2.611084
-2.623901
-2.635498
-2.648315
-2.663269
-2.677002
-2.690125
-2.702942
-2.715149
-2.728577
-2.741394
-2.756042
-2.770081
-2.781982
-2.793884
-2.805481
-2.817688
-2.827759
-2.833862
-2.843323
-2.852478
-2.861023
-2.867737
-2.875061
-2.883301
-2.889099
-2.892151
-2.897644
-2.903748
-2.908020
-2.913513
-2.916260
-2.923279
-2.928772
-2.932434
-2.936096
-2.938538
-2.942505
-2.945251
-2.946167
-2.948914
-2.952271
-2.953491
-2.955017
-2.957153
-2.958679
-2.959595
-2.959595
-2.961426
-2.961426
-2.961731
-2.961731
-2.962341
-2.961121
-2.963867
-2.964478
-2.965393
-2.965088
-2.966309
-2.964172
-2.962646
-2.958679
-2.958069
-2.957153
-2.956848
-2.956543
-2.955933
-2.957458
-2.956543
-2.956543
-2.955627
-2.955933
-2.957458
-2.957153
-2.957764
-2.959595
-2.962952
-2.966614
-2.971802
-2.976685
-2.980347
-2.986450
-2.992859
-2.998657
-3.003235
-3.010864
-3.016663
-3.023987
-3.025513
-3.024292
-3.019714
-3.006897
-2.987061
-2.959900
-2.926636
-2.884216
-2.835999
-2.777100
-2.711182
-2.628784
-2.533569
-2.425537
-2.309265
-2.179871
-2.027283
-1.863098
-1.684570
-1.493225
-1.283569
-1.060181
-0.830383
-0.585632
-0.346680
-0.121765
0.079041
0.255737
0.412598
0.554810
0.683899
0.792236
0.893860
0.978088
1.054993
1.125488
1.188354
1.245117
1.296692
1.340332
1.376953
1.407776
1.416931
1.391296
1.336670
1.261292
1.172180
1.069031
0.942993
0.791321
0.616150
0.426025
0.229492
0.027466
-0.175476
-0.382996
-0.593872
-0.803223
-1.005859
-1.194763
-1.366882
-1.527710
-1.679688
-1.820984
-1.948242
-2.059631
-2.156067
-2.247314
-2.329407
-2.404785
-2.476196
-2.542725
-2.605591
-2.666626
-2.723083
-2.777100
-2.826233
-2.872009
-2.915955
-2.958069
-2.997437
-3.032227
-3.064880
-3.094177
-3.122559
-3.147278
-3.168030
-3.185425
-3.200684
-3.213196
-3.222961
-3.227844
-3.229980
-3.229980
-3.228149
-3.223877
-3.218079
-3.205872
-3.195801
-3.179626
-3.166809
-3.153076
-3.139343
-3.122864
-3.107605
-3.091125
-3.075867
-3.060913
-3.046875
-3.033142
-3.019409
-3.005981
-2.993164
-2.979431
-2.967529
-2.956848
-2.945557
-2.937317
-2.929382
-2.922058
-2.912903
-2.902832
-2.892151
-2.881775
-2.870483
-2.860413
-2.850037
-2.840576
-2.830811
-2.821350
-2.813110
-2.803040
-2.793579
-2.784424
-2.775879
-2.765808
-2.756653
-2.749023
-2.741089
-2.731934
-2.722473
-2.713013
-2.702332
-2.691650
-2.681885
-2.673950
-2.665710
-2.658081
-2.650146
-2.638245
-2.626343
-2.616272
-2.605591
-2.594299
-2.582092
-2.570801
-2.560730
-2.546387
-2.535706
-2.526550
-2.514954
-2.506104
-2.492371
-2.481384
-2.471008
-2.462769
-2.454224
-2.444458
-2.434082
-2.423096
-2.416077
-2.408752
-2.400818
-2.388611
-2.373047
-2.360229
-2.349854
-2.342224
-2.333984
-2.326050
-2.317810
-2.310181
-2.299805
-2.290039
-2.280273
-2.269897
-2.259521
-2.250671
-2.242432
-2.235107
-2.227173
-2.217407
-2.204285
-2.195435
-2.184143
-2.174683
-2.164001
-2.151489
-2.143250
-2.130737
-2.118225
-2.106323
-2.092285
-2.077332
-2.063293
-2.048950
-2.034607
-2.017517
-1.999207
-1.984863
-1.970520
-1.956787
-1.943359
-1.930237
-1.917419
-1.904907
-1.892090
-1.879272
-1.865234
-1.847839
-1.831360
-1.817627
-1.806641
-1.793823
-1.780701
-1.766663
-1.754761
-1.738281
-1.726379
-1.711121
-1.694641
-1.679077
-1.662292
-1.647339
-1.631165
-1.613770
-1.594543
-1.577454
-1.560059
-1.545105
-1.531067
-1.517944
-1.504517
-1.491089
-1.477966
-1.466370
-1.455383
-1.444092
-1.434631
-1.427002
-1.419067
-1.410828
-1.400757
-1.392212
-1.382141
-1.373596
-1.364746
-1.355896
-1.346130
-1.337891
-1.327820
-1.315918
-1.307373
-1.299744
-1.292725
-1.285706
-1.278381
-1.273499
-1.270752
-1.266174
-1.263123
-1.260986
-1.260986
-1.261292
-1.259766
-1.260071
-1.261597
-1.264648
-1.269836
-1.275635
-1.282043
-1.289368
-1.297607
-1.307373
-1.317139
-1.325684
-1.338196
-1.350098
-1.365967
-1.382141
-1.400452
-1.419067
-1.437988
-1.457214
-1.477356
-1.500854
-1.525879
-1.549988
-1.575317
-1.603699
-1.632080
-1.658936
-1.686096
-1.715698
-1.744995
-1.773987
-1.802063
-1.829834
-1.855774
-1.884155
-1.911011
-1.939392
-1.969910
-2.001343
-2.032166
-2.062073
-2.092590
-2.123108
-2.153320
-2.182922
-2.213135
-2.243347
-2.273865
-2.303162
-2.332764
-2.360229
-2.388916
-2.416687
-2.444763
-2.470703
-2.497864
-2.524414
-2.549438
-2.574463
-2.600098
-2.623901
-2.646484
-2.669373
-2.692261
-2.715149
-2.735291
-2.757263
-2.778015
-2.797852
-2.817688
-2.836914
-2.855225
-2.872314
-2.890015
-2.907104
-2.924194
-2.940674
-2.957764
-2.970581
-2.986145
-2.998047
-3.009338
-3.022766
-3.034973
-3.046570
-3.056335
-3.064880
-3.074951
-3.083496
-3.091736
-3.098450
-3.106689
-3.113708
-3.118896
-3.125610
-3.130493
-3.133240
-3.138123
-3.143616
-3.147888
-3.152161
-3.155823
-3.158875
-3.161011
-3.162537
-3.162231
-3.162537
-3.163452
-3.167725
-3.169861
-3.172913
-3.172913
-3.171997
-3.169250
-3.167419
-3.166504
-3.165894
-3.165283
-3.165283
-3.163147
-3.161621
-3.160400
-3.158875
-3.156433
-3.154602
-3.153992
-3.153687
-3.152771
-3.151245
-3.150024
-3.147278
-3.147278
-3.146362
-3.144531
-3.142700
-3.140869
-3.138123
-3.137512
-3.136902
-3.136597
-3.132935
-3.129272
-3.127136
-3.124084
-3.121643
-3.118286
-3.114624
-3.112488
-3.110352
-3.108215
-3.106995
-3.102417
-3.099976
-3.097229
-3.094177
-3.090515
-3.087158
-3.084106
-3.080750
-3.078918
-3.077698
-3.076477
-3.073730
-3.072205
-3.071594
-3.070374
-3.069763
-3.068237
-3.067627
-3.065491
-3.062744
-3.061523
-3.059387
-3.056335
-3.054504
-3.052979
-3.053589
-3.051758
-3.045654
-3.046875
-3.044128
-3.041992
-3.039551
-3.038025
-3.035583
-3.035583
-3.034363
-3.031311
-3.029175
-3.028870
-3.029175
-3.030090
-3.032227
-3.032227
-3.033752
-3.033447
-3.034058
-3.035278
-3.035278
-3.035278
-3.036194
-3.036499
-3.034973
-3.034363
-3.033752
-3.034363
-3.034058
-3.034668
-3.033447
-3.031311
-3.030396
-3.025818
-3.027344
-3.025818
-3.024597
-3.024292
-3.023682
-3.020935
-3.021240
-3.020020
-3.020325
-3.017883
-3.016663
-3.016663
-3.016663
-3.016663
-3.016968
-3.016052
-3.016357
-3.015442
-3.015747
-3.017578
-3.018188
-3.019714
-3.020020
-3.020325
-3.022156
-3.021545
-3.022766
-3.021851
-3.021545
-3.019714
-3.020630
-3.018188
-3.016968
-3.016663
-3.015442
-3.015442
-3.014526
-3.014526
-3.013916
-3.013000
-3.013000
-3.011780
-3.010254
-3.008728
-3.007202
-3.004150
-3.003235
-3.000793
-2.999878
-2.999573
-2.998352
-2.997131
-2.997742
-2.996521
-2.997437
-2.997742
-2.995605
-2.995605
-2.995605
-2.996216
-2.995605
-2.995300
-2.994995
-2.994995
-2.995300
-2.993469
-2.991333
-2.992249
-2.992554
-2.992554
-2.991943
-2.989197
-2.987061
-2.983704
-2.980957
-2.978821
-2.976074
-2.973022
-2.972412
-2.971497
-2.970886
-2.969666
-2.967529
-2.965698
-2.963257
-2.960815
-2.961426
-2.958679
-2.959290
-2.957153
-2.955322
-2.953796
-2.949829
-2.950439
-2.947998
-2.945862
-2.944946
-2.943726
-2.942200
-2.940369
-2.938843
-2.937622
-2.937622
-2.935181
-2.933960
-2.932129
-2.930908
-2.928772
-2.925720
-2.926636
-2.927551
-2.926941
-2.926636
-2.925720
-2.925415
-2.922668
-2.919617
-2.918396
-2.911682
-2.906799
-2.899170
-2.889709
-2.880554
-2.870178
-2.860718
-2.849426
-2.839355
-2.827454
-2.814026
-2.799377
-2.785339
-2.774963
-2.761841
-2.749329
-2.736816
-2.724609
-2.713623
-2.704773
-2.695312
-2.686157
-2.680664
-2.671509
-2.662048
-2.652588
-2.645264
-2.635803
-2.629700
-2.623291
-2.617798
-2.610474
-2.602234
-2.592163
-2.586670
-2.579346
-2.572021
-2.562256
-2.550659
-2.540894
-2.528076
-2.516785
-2.507019
-2.499084
-2.490234
-2.481689
-2.471924
-2.464600
-2.456665
-2.448730
-2.442322
-2.435608
-2.432251
-2.427368
-2.424622
-2.422485
-2.424927
-2.426758
-2.432861
-2.436829
-2.441406
-2.446899
-2.453003
-2.462158
-2.468567
-2.473450
-2.478638
-2.485352
-2.490845
-2.499390
-2.504578
-2.511902
-2.518921
-2.525330
-2.532654
-2.539368
-2.543335
-2.550049
-2.555237
-2.561646
-2.567139
-2.572021
-2.577515
-2.583313
-2.591553
-2.599792
-2.608643
-2.617493
-2.626953
-2.637024
-2.647705
-2.658691
-2.670288
-2.682190
-2.695007
-2.708130
-2.721863
-2.735901
-2.750549
-2.765198
-2.779846
-2.794189
-2.807922
-2.820129
-2.832336
-2.844849
-2.855530
-2.866516
-2.875366
-2.886047
-2.893982
-2.903137
-2.910461
-2.919006
-2.922974
-2.929077
-2.933350
-2.938843
-2.943115
-2.947388
-2.951660
-2.957153
-2.962952
-2.966919
-2.969360
-2.969666
-2.971191
-2.972717
-2.973938
-2.976685
-2.977905
-2.979126
-2.979736
-2.980957
-2.981873
-2.984314
-2.984924
-2.984924
-2.986755
-2.987366
-2.989502
-2.988586
-2.989502
-2.987671
-2.988281
-2.988892
-2.989502
-2.991333
-2.992554
-2.993774
-2.995300
-2.994385
-2.993774
-2.993469
-2.991333
-2.990112
-2.988586
-2.988586
-2.987061
-2.986145
-2.986755
-2.986450
-2.986755
-2.986450
-2.986755
-2.990417
-2.992859
-2.996216
-3.000183
-3.003235
-3.007507
-3.012085
-3.019714
-3.026123
-3.034058
-3.039551
-3.046875
-3.056335
-3.061829
-3.065491
-3.065186
-3.059692
-3.047791
-3.029175
-3.004150
-2.971497
-2.931519
-2.882385
-2.825317
-2.756958
-2.673950
-2.574463
-2.465210
-2.343750
-2.210999
-2.061768
-1.899414
-1.723938
-1.523743
-1.313782
-1.093445
-0.859985
-0.610962
-0.360413
-0.131226
0.076294
0.262756
0.425110
0.564270
0.686340
0.792236
0.885010
0.972900
1.051636
1.123962
1.188660
1.247559
1.300964
1.350098
1.391602
1.427612
1.455688
1.453552
1.416931
1.348877
1.265259
1.163940
1.038818
0.889893
0.721741
0.538025
0.345764
0.141296
-0.069885
-0.284729
-0.500183
-0.714417
-0.918274
-1.119080
-1.305237
-1.478577
-1.643982
-1.788025
-1.915588
-2.029419
-2.132568
-2.227173
-2.315369
-2.395020
-2.467651
-2.535706
-2.600708
-2.662964
-2.719421
-2.773438
-2.823181
-2.870178
-2.911682
-2.951050
-2.986450
-3.017273
-3.045959
-3.077087
-3.099060
-3.120422
-3.138428
-3.150940
-3.162842
-3.169556
-3.174744
-3.175354
-3.175354
-3.170471
-3.164673
-3.156128
-3.147888
-3.136597
-3.125610
-3.114319
-3.102417
-3.089294
-3.075867
-3.061218
-3.049622
-3.038940
-3.027344
-3.013916
-3.002319
-2.991333
-2.978821
-2.968445
-2.958679
-2.948914
-2.938232
-2.929382
-2.921448
-2.912903
-2.904053
-2.896118
-2.885437
-2.875977
-2.863464
-2.852173
-2.839966
-2.829285
-2.815247
-2.803650
-2.792664
-2.783508
-2.774658
-2.764282
-2.754822
-2.745056
-2.736206
-2.726440
-2.718201
-2.708435
-2.702942
-2.695312
-2.688904
-2.682190
-2.674561
-2.666931
-2.658691
-2.651367
-2.644653
-2.637024
-2.626953
-2.619934
-2.612915
-2.605591
-2.597961
-2.590637
-2.582092
-2.574158
-2.566223
-2.557678
-2.548523
-2.538452
-2.530518
-2.521362
-2.513123
-2.505798
-2.499390
-2.491150
-2.482300
-2.474060
-2.463379
-2.453918
-2.442017
-2.431030
-2.419739
-2.407837
-2.398682
-2.389526
-2.379456
-2.371521
-2.364197
-2.355652
-2.347107
-2.338257
-2.330322
-2.323608
-2.315979
-2.308350
-2.300415
-2.294006
-2.287598
-2.281494
-2.272034
-2.261047
-2.250366
-2.238770
-2.227173
-2.214661
-2.202454
-2.192688
-2.182007
-2.171631
-2.157593
-2.142334
-2.126465
-2.108154
-2.089844
-2.073975
-2.059631
-2.045898
-2.031250
-2.014771
-1.999207
-1.985168
-1.968384
-1.950073
-1.934814
-1.921082
-1.906128
-1.893616
-1.880493
-1.865540
-1.851501
-1.837158
-1.821899
-1.805725
-1.789856
-1.771545
-1.753540
-1.735229
-1.718445
-1.699524
-1.682434
-1.663513
-1.646118
-1.625366
-1.607666
-1.587219
-1.569214
-1.552124
-1.534424
-1.513977
-1.496887
-1.477966
-1.463623
-1.449280
-1.435852
-1.420898
-1.407776
-1.394653
-1.381836
-1.367798
-1.358337
-1.349182
-1.338196
-1.325378
-1.316833
-1.308594
-1.299744
-1.290894
-1.277771
-1.273499
-1.262817
-1.253052
-1.244202
-1.239014
-1.234741
-1.229248
-1.226501
-1.223755
-1.224060
-1.223450
-1.225586
-1.222229
-1.220703
-1.220398
-1.222534
-1.224976
-1.230164
-1.234131
-1.240540
-1.249390
-1.255493
-1.265564
-1.274719
-1.284180
-1.297913
-1.312256
-1.330566
-1.350403
-1.372070
-1.394348
-1.416626
-1.439514
-1.463928
-1.488037
-1.514282
-1.539612
-1.566162
-1.595154
-1.621704
-1.653137
-1.682434
-1.709900
-1.739197
-1.768799
-1.797485
-1.828003
-1.858215
-1.889038
-1.919556
-1.950073
-1.981812
-2.012939
-2.044983
-2.076721
-2.109680
-2.140808
-2.171936
-2.202148
-2.234497
-2.263794
-2.293396
-2.323608
-2.352905
-2.381897
-2.410583
-2.440796
-2.469177
-2.497559
-2.526245
-2.553711
-2.579346
-2.606506
-2.629089
-2.654724
-2.679138
-2.704773
-2.728882
-2.752075
-2.775574
-2.798767
-2.818909
-2.839355
-2.858887
-2.879028
-2.897949
-2.915039
-2.933044
-2.949219
-2.967529
-2.984009
-3.000183
-3.014832
-3.028870
-3.041992
-3.054810
-3.067322
-3.080444
-3.089294
-3.101501
-3.110962
-3.119202
-3.128052
-3.137207
-3.143616
-3.150940
-3.158264
-3.162537
-3.169250
-3.174744
-3.179321
-3.183899
-3.187256
-3.190308
-3.194580
-3.195190
-3.196411
-3.198242
-3.200378
-3.204651
-3.209839
-3.213501
-3.218689
-3.220520
-3.223572
-3.225098
-3.227539
-3.230896
-3.233032
-3.233337
-3.233948
-3.233643
-3.236084
-3.237000
-3.236389
-3.235779
-3.234558
-3.229370
-3.223572
-3.217163
-3.213501
-3.206787
-3.200378
-3.197327
-3.193054
-3.192139
-3.188477
-3.187561
-3.182068
-3.178101
-3.173828
-3.167725
-3.161316
-3.156433
-3.152161
-3.147583
-3.141479
-3.135376
-3.128357
-3.126221
-3.125305
-3.123169
-3.121033
-3.118286
-3.116150
-3.114929
-3.112183
-3.112183
-3.110657
-3.111267
-3.111267
-3.111267
-3.110352
-3.110046
-3.112488
-3.113708
-3.114014
-3.112793
-3.113708
-3.115234
-3.118286
-3.118286
-3.118286
-3.115845
-3.111267
-3.107300
-3.103333
-3.101807
-3.100281
-3.098755
-3.096313
-3.095703
-3.095093
-3.093567
-3.092041
-3.089600
-3.086243
-3.083191
-3.081055
-3.077698
-3.074341
-3.070068
-3.066101
-3.060913
-3.058777
-3.056641
-3.057251
-3.056030
-3.054504
-3.054504
-3.053284
-3.050537
-3.049622
-3.048706
-3.049011
-3.046875
-3.048401
-3.049316
-3.048096
-3.049316
-3.050842
-3.052063
-3.053589
-3.054810
-3.057556
-3.060303
-3.063049
-3.065491
-3.067322
-3.069763
-3.072205
-3.073120
-3.074341
-3.074951
-3.074646
-3.075562
-3.076782
-3.078003
-3.078613
-3.078918
-3.079834
-3.077393
-3.079529
-3.078003
-3.077393
-3.076782
-3.079529
-3.080444
-3.082275
-3.085022
-3.086548
-3.084717
-3.084412
-3.085022
-3.083801
-3.084106
-3.083801
-3.085327
-3.085632
-3.087158
-3.089905
-3.090210
-3.091736
-3.091736
-3.093262
-3.094177
-3.095703
-3.096924
-3.098755
-3.097839
-3.095398
-3.095398
-3.096313
-3.095703
-3.095398
-3.094482
-3.093567
-3.090210
-3.090210
-3.090515
-3.090515
-3.091736
-3.091125
-3.091736
-3.094482
-3.095703
-3.096008
-3.097229
-3.099670
-3.099976
-3.100586
-3.100281
-3.099670
-3.101196
-3.101501
-3.101196
-3.101807
-3.102722
-3.103333
-3.104858
-3.104553
-3.104858
-3.103638
-3.103333
-3.101807
-3.102722
-3.102112
-3.103638
-3.102417
-3.103943
-3.103638
-3.102112
-3.103943
-3.103638
-3.104858
-3.105164
-3.105469
-3.104553
-3.104553
-3.105164
-3.103943
-3.102417
-3.099365
-3.098755
-3.096619
-3.096008
-3.093872
-3.092346
-3.090820
-3.087769
-3.086548
-3.084412
-3.081360
-3.078003
-3.077087
-3.076172
-3.075867
-3.073730
-3.073425
-3.070374
-3.068542
-3.065491
-3.063354
-3.058777
-3.052673
-3.047485
-3.040466
-3.034973
-3.026428
-3.016357
-3.006897
-2.995911
-2.981873
-2.969055
-2.953186
-2.937927
-2.921143
-2.905884
-2.890930
-2.876282
-2.861633
-2.850647
-2.837830
-2.826843
-2.814331
-2.803345
-2.792053
-2.782593
-2.771606
-2.760925
-2.752686
-2.745056
-2.734985
-2.725830
-2.715759
-2.705994
-2.693176
-2.684021
-2.673035
-2.662964
-2.652588
-2.640991
-2.628784
-2.616272
-2.604065
-2.591858
-2.580566
-2.568359
-2.558289
-2.548218
-2.539978
-2.530212
-2.525024
-2.517700
-2.511902
-2.509766
-2.507019
-2.502441
-2.494202
-2.495422
-2.496643
-2.498779
-2.501526
-2.503357
-2.506714
-2.512817
-2.518005
-2.525940
-2.532349
-2.539978
-2.543945
-2.549744
-2.557373
-2.565308
-2.572327
-2.579956
-2.586670
-2.594299
-2.601624
-2.607422
-2.613220
-2.617493
-2.622375
-2.627869
-2.634583
-2.642212
-2.646484
-2.652893
-2.657776
-2.663879
-2.670288
-2.677002
-2.687073
-2.697449
-2.707825
-2.720337
-2.733154
-2.744446
-2.756348
-2.769165
-2.784119
-2.797546
-2.811584
-2.826538
-2.839050
-2.853394
-2.866821
-2.880554
-2.893066
-2.904358
-2.916870
-2.927246
-2.935486
-2.942200
-2.951050
-2.958069
-2.967529
-2.976074
-2.984314
-2.985229
-2.991333
-2.995300
-3.000793
-3.005066
-3.009949
-3.013306
-3.017273
-3.020935
-3.023071
-3.025513
-3.026428
-3.029175
-3.031921
-3.033447
-3.037720
-3.038025
-3.040771
-3.042297
-3.044434
-3.045959
-3.044739
-3.045349
-3.044434
-3.049316
-3.050232
-3.053894
-3.056641
-3.058777
-3.058777
-3.060608
-3.063049
-3.064270
-3.065491
-3.069763
-3.068237
-3.067627
-3.067932
-3.068542
-3.069458
-3.068848
-3.069153
-3.068848
-3.067627
-3.064880
-3.065796
-3.065796
-3.065796
-3.066101
-3.064880
-3.064880
-3.067322
-3.071289
-3.076172
-3.080750
-3.084412
-3.087769
-3.093567
-3.101501
-3.110962
-3.119812
-3.128052
-3.132629
-3.134766
-3.131104
-3.120117
-3.105164
-3.081055
-3.050537
-3.013611
-2.972412
-2.920227
-2.862549
-2.790222
-2.701111
-2.603149
-2.493591
-2.370605
-2.237549
-2.086792
-1.924133
-1.746826
-1.552124
-1.336670
-1.108398
-0.865173
-0.611877
-0.373840
-0.155334
0.039368
0.213318
0.367432
0.504761
0.629272
0.739441
0.839233
0.927734
1.007080
1.079712
1.145630
1.203003
1.257629
1.307068
1.345215
1.375122
1.379395
1.347046
1.284180
1.200256
1.099243
0.975952
0.829773
0.668335
0.493469
0.304871
0.103455
-0.105286
-0.315857
-0.525513
-0.733643
-0.938110
-1.136169
-1.322937
-1.498108
-1.658020
-1.802063
-1.929321
-2.044678
-2.151184
-2.248535
-2.337952
-2.417908
-2.497864
-2.569275
-2.636414
-2.698364
-2.756958
-2.812195
-2.861328
-2.905273
-2.946777
-2.984924
-3.019409
-3.049316
-3.077087
-3.099976
-3.120117
-3.137512
-3.151550
-3.160095
-3.165588
-3.166504
-3.163757
-3.160400
-3.157043
-3.149414
-3.142395
-3.132324
-3.122559
-3.111877
-3.102112
-3.089294
-3.078918
-3.068237
-3.053589
-3.045044
-3.034058
-3.022156
-3.010254
-2.998962
-2.987976
-2.980652
-2.973938
-2.963562
-2.953491
-2.944641
-2.937317
-2.929077
-2.921143
-2.911682
-2.903748
-2.896423
-2.884216
-2.874146
-2.864075
-2.854919
-2.846375
-2.840576
-2.830505
-2.821960
-2.810059
-2.801208
-2.792664
-2.787170
-2.779846
-2.770081
-2.762451
-2.754822
-2.746582
-2.740784
-2.731018
-2.720337
-2.710571
-2.702026
-2.695007
-2.687073
-2.677307
-2.668152
-2.656860
-2.647095
-2.638550
-2.630615
-2.622681
-2.612000
-2.603760
-2.596130
-2.588196
-2.579041
-2.568970
-2.557068
-2.546692
-2.536621
-2.526550
-2.516785
-2.507629
-2.501526
-2.493286
-2.482300
-2.472839
-2.464600
-2.456665
-2.449341
-2.440186
-2.429810
-2.416077
-2.408142
-2.398987
-2.392883
-2.385864
-2.378540
-2.371521
-2.365723
-2.361755
-2.354736
-2.344971
-2.335815
-2.329102
-2.321777
-2.314148
-2.307739
-2.298584
-2.288208
-2.278442
-2.270203
-2.259521
-2.248230
-2.233276
-2.219543
-2.207947
-2.197571
-2.185364
-2.176208
-2.166443
-2.156067
-2.144775
-2.133789
-2.123718
-2.112427
-2.099609
-2.088318
-2.075500
-2.062988
-2.049561
-2.035217
-2.022400
-2.006531
-1.989136
-1.972046
-1.956787
-1.940613
-1.925659
-1.906433
-1.888733
-1.868591
-1.849365
-1.830750
-1.810303
-1.794739
-1.777954
-1.760254
-1.740723
-1.722107
-1.703796
-1.685486
-1.666870
-1.649170
-1.629944
-1.611633
-1.591797
-1.572266
-1.552429
-1.531067
-1.512756
-1.494141
-1.474915
-1.456909
-1.438904
-1.422424
-1.410522
-1.398010
-1.386108
-1.374512
-1.361694
-1.350098
-1.336975
-1.327209
-1.318665
-1.307068
-1.298523
-1.288757
-1.284180
-1.278687
-1.272278
-1.264648
-1.258545
-1.253662
-1.249390
-1.244812
-1.242065
-1.241455
-1.241150
-1.239014
-1.240540
-1.241760
-1.243896
-1.246338
-1.249390
-1.253662
-1.257935
-1.260376
-1.265259
-1.272583
-1.282043
-1.291809
-1.300354
-1.310730
-1.323547
-1.335754
-1.349792
-1.363220
-1.376343
-1.391602
-1.406555
-1.423950
-1.444702
-1.465454
-1.487427
-1.512146
-1.534424
-1.560974
-1.585388
-1.610718
-1.637268
-1.665039
-1.695862
-1.726074
-1.758423
-1.791992
-1.824036
-1.857300
-1.889343
-1.921082
-1.954041
-1.987610
-2.020264
-2.054443
-2.086792
-2.121887
-2.151184
-2.182617
-2.213135
-2.244263
-2.276001
-2.307434
-2.334900
-2.363281
-2.392578
-2.419739
-2.448730
-2.474976
-2.501526
-2.527466
-2.553406
-2.578735
-2.606201
-2.631836
-2.655029
-2.679443
-2.703247
-2.726135
-2.748718
-2.770081
-2.790833
-2.811279
-2.831726
-2.852478
-2.871094
-2.890320
-2.910156
-2.927856
-2.947693
-2.966614
-2.984009
-3.001404
-3.015747
-3.032837
-3.046875
-3.057861
-3.067932
-3.080444
-3.089905
-3.099060
-3.107605
-3.116455
-3.121948
-3.126221
-3.131104
-3.134460
-3.137817
-3.140564
-3.144226
-3.149719
-3.153687
-3.157043
-3.159180
-3.161316
-3.163757
-3.164978
-3.167419
-3.163757
-3.159485
-3.158264
-3.160095
-3.160095
-3.159180
-3.158875
-3.155823
-3.153076
-3.150330
-3.147278
-3.145142
-3.143005
-3.141785
-3.141785
-3.142395
-3.142700
-3.141785
-3.143311
-3.142090
-3.140564
-3.140259
-3.140259
-3.141479
-3.140564
-3.137817
-3.136292
-3.132629
-3.130188
-3.126526
-3.124084
-3.124084
-3.120117
-3.117981
-3.112488
-3.110962
-3.107910
-3.107300
-3.104553
-3.102112
-3.099670
-3.096008
-3.093872
-3.092346
-3.088989
-3.086243
-3.084717
-3.081055
-3.079224
-3.078003
-3.074036
-3.068542
-3.064270
-3.059692
-3.056335
-3.054199
-3.051147
-3.049011
-3.045654
-3.043823
-3.040771
-3.036194
-3.031006
-3.025513
-3.021545
-3.016968
-3.013306
-3.008423
-3.006897
-3.002319
-2.998962
-2.998657
-2.998657
-2.996826
-2.993469
-2.995300
-2.994995
-2.995605
-2.994995
-2.996216
-2.996216
-2.998047
-2.997437
-2.996826
-2.996826
-2.994690
-2.991638
-2.988586
-2.987366
-2.988892
-2.986755
-2.984009
-2.984314
-2.981567
-2.979431
-2.975464
-2.971497
-2.969360
-2.966614
-2.965393
-2.963867
-2.964172
-2.962036
-2.960815
-2.962646
-2.963867
-2.964172
-2.964172
-2.962952
-2.965088
-2.965088
-2.966919
-2.969055
-2.967834
-2.966614
-2.966919
-2.969055
-2.969971
-2.971802
-2.971497
-2.972107
-2.973022
-2.971802
-2.971802
-2.971497
-2.971497
-2.971802
-2.972717
-2.972717
-2.973022
-2.971802
-2.970886
-2.973633
-2.974548
-2.974854
-2.976685
-2.976379
-2.979736
-2.980347
-2.980652
-2.981262
-2.982788
-2.983704
-2.985535
-2.985840
-2.987061
-2.986145
-2.987671
-2.987061
-2.988892
-2.991333
-2.992859
-2.994080
-2.993774
-2.994080
-2.994080
-2.992859
-2.991943
-2.993164
-2.994385
-2.995911
-2.996826
-2.995605
-2.995911
-2.994995
-2.997131
-2.998352
-3.000488
-3.002014
-3.003845
-3.004761
-3.004761
-3.005066
-3.004456
-3.004456
-3.004456
-3.001404
-2.998352
-2.993774
-2.988281
-2.981567
-2.976685
-2.971497
-2.964478
-2.955322
-2.945251
-2.935791
-2.924500
-2.913208
-2.902527
-2.891235
-2.879639
-2.867432
-2.857361
-2.845154
-2.834167
-2.823181
-2.811890
-2.803650
-2.791748
-2.782898
-2.771912
-2.760620
-2.751465
-2.741394
-2.730408
-2.720642
-2.709961
-2.698059
-2.687988
-2.677307
-2.666321
-2.654114
-2.642517
-2.632141
-2.621155
-2.609253
-2.597351
-2.585754
-2.575073
-2.565002
-2.556763
-2.547607
-2.539368
-2.531433
-2.525940
-2.520447
-2.512512
-2.504883
-2.501221
-2.492981
-2.489319
-2.488098
-2.487183
-2.488098
-2.489624
-2.494812
-2.497559
-2.501526
-2.507324
-2.511902
-2.518921
-2.526855
-2.534485
-2.539673
-2.545166
-2.549133
-2.556763
-2.564697
-2.570801
-2.578125
-2.585449
-2.590637
-2.595825
-2.602234
-2.607727
-2.614136
-2.617493
-2.624512
-2.631226
-2.637024
-2.643738
-2.648926
-2.656250
-2.665405
-2.675476
-2.686768
-2.698975
-2.711182
-2.723999
-2.738037
-2.749329
-2.761536
-2.774658
-2.789612
-2.805176
-2.819519
-2.835388
-2.851257
-2.865295
-2.878723
-2.890320
-2.901611
-2.912598
-2.922363
-2.932129
-2.940979
-2.948914
-2.955627
-2.962036
-2.969971
-2.978821
-2.985535
-2.994995
-3.001404
-3.005371
-3.010254
-3.013611
-3.019409
-3.023682
-3.023987
-3.028259
-3.031006
-3.034058
-3.038635
-3.042297
-3.043823
-3.045959
-3.048401
-3.052979
-3.054504
-3.054504
-3.056030
-3.054810
-3.055725
-3.056946
-3.057556
-3.057861
-3.057251
-3.056335
-3.058472
-3.062439
-3.064880
-3.067017
-3.067017
-3.065186
-3.066101
-3.064880
-3.064270
-3.063354
-3.060303
-3.062439
-3.063660
-3.063354
-3.063354
-3.065491
-3.067322
-3.067017
-3.066406
-3.066711
-3.067932
-3.072510
-3.075256
-3.079834
-3.083191
-3.086548
-3.091125
-3.095703
-3.099670
-3.104858
-3.111267
-3.118896
-3.129883
-3.140259
-3.146667
-3.155518
-3.160095
-3.160400
-3.157043
-3.147278
-3.132019
-3.110352
-3.080444
-3.039551
-2.998352
-2.944641
-2.882080
-2.803650
-2.709351
-2.607727
-2.493286
-2.369080
-2.231445
-2.072754
-1.898804
-1.707153
-1.500854
-1.276855
-1.046753
-0.799255
-0.546265
-0.305176
-0.083313
0.118408
0.295105
0.450745
0.588379
0.710449
0.816345
0.911865
0.995789
1.074524
1.143799
1.208191
1.267395
1.320496
1.368408
1.408081
1.438293
1.435852
1.396179
1.327209
1.237488
1.134033
1.006470
0.852966
0.681458
0.492554
0.287170
0.072327
-0.148010
-0.364380
-0.577393
-0.790710
-1.003113
-1.216125
-1.411743
-1.588745
-1.749573
-1.891785
-2.019958
-2.134705
-2.241821
-2.337952
-2.423096
-2.503052
-2.577820
-2.646484
-2.709351
-2.764587
-2.822571
-2.872314
-2.919006
-2.960510
-2.998962
-3.032837
-3.066101
-3.095703
-3.119812
-3.140259
-3.157043
-3.168945
-3.177185
-3.182373
-3.186340
-3.186035
-3.183289
-3.177490
-3.170471
-3.161621
-3.149109
-3.135071
-3.117676
-3.102722
-3.088074
-3.070984
-3.053589
-3.036804
-3.021851
-3.008423
-2.996216
-2.982178
-2.968140
-2.956238
-2.944336
-2.932739
-2.921448
-2.908936
-2.898254
-2.887268
-2.876892
-2.868042
-2.858887
-2.847900
-2.840576
-2.831421
-2.826233
-2.816162
-2.806702
-2.798767
-2.787781
-2.779236
-2.769470
-2.763367
-2.755127
-2.749329
-2.742004
-2.735596
-2.727966
-2.721252
-2.713928
-2.707825
-2.695618
-2.684631
-2.672729
-2.661743
-2.651978
-2.641296
-2.633972
-2.628479
-2.618408
-2.610474
-2.602844
-2.592468
-2.581787
-2.572937
-2.563477
-2.554626
-2.547607
-2.538757
-2.532349
-2.523499
-2.516785
-2.505493
-2.496948
-2.488403
-2.481689
-2.470703
-2.461243
-2.449646
-2.440491
-2.431641
-2.422485
-2.411499
-2.398071
-2.390137
-2.382507
-2.375488
-2.365723
-2.355652
-2.344666
-2.335815
-2.329102
-2.320557
-2.311096
-2.301025
-2.288208
-2.276001
-2.263489
-2.251587
-2.240295
-2.229614
-2.219238
-2.209778
-2.197571
-2.184753
-2.171326
-2.158508
-2.145996
-2.138062
-2.126160
-2.118835
-2.106934
-2.100525
-2.088928
-2.079163
-2.067566
-2.055054
-2.047119
-2.037659
-2.025452
-2.015076
-2.005310
-1.990967
-1.979065
-1.965942
-1.951599
-1.936646
-1.921082
-1.908569
-1.889954
-1.867371
-1.840515
-1.816101
-1.792297
-1.768494
-1.750488
-1.730957
-1.708069
-1.687622
-1.668396
-1.648254
-1.628723
-1.607971
-1.593933
-1.577148
-1.561890
-1.545105
-1.530457
-1.511841
-1.496887
-1.479187
-1.462097
-1.444397
-1.428223
-1.412659
-1.397400
-1.381836
-1.366272
-1.353760
-1.342163
-1.331787
-1.321411
-1.308289
-1.297913
-1.288452
-1.279297
-1.270752
-1.262817
-1.254578
-1.245728
-1.237793
-1.231384
-1.225586
-1.223145
-1.220703
-1.215820
-1.212158
-1.209106
-1.208801
-1.208496
-1.206970
-1.204224
-1.202087
-1.199646
-1.201477
-1.202698
-1.202393
-1.203308
-1.199036
-1.201782
-1.204834
-1.209106
-1.213989
-1.218262
-1.222229
-1.229248
-1.236267
-1.249084
-1.264954
-1.282043
-1.297302
-1.315308
-1.336060
-1.354370
-1.375427
-1.397095
-1.418762
-1.442261
-1.465759
-1.491089
-1.516724
-1.545715
-1.574402
-1.601562
-1.631775
-1.661682
-1.692200
-1.722412
-1.754150
-1.783752
-1.816711
-1.847534
-1.880493
-1.911926
-1.944580
-1.976624
-2.008362
-2.040100
-2.071228
-2.102356
-2.135315
-2.164917
-2.195129
-2.225342
-2.257385
-2.287903
-2.318726
-2.347107
-2.374878
-2.402344
-2.431641
-2.459106
-2.488708
-2.514954
-2.542114
-2.567444
-2.590332
-2.612610
-2.634583
-2.657166
-2.676086
-2.695312
-2.713318
-2.731323
-2.750549
-2.768250
-2.785645
-2.802429
-2.820435
-2.837830
-2.854004
-2.869873
-2.886047
-2.900085
-2.914124
-2.927856
-2.941284
-2.954102
-2.964172
-2.973328
-2.984009
-2.991638
-2.998352
-3.006287
-3.015442
-3.019409
-3.025818
-3.030701
-3.034668
-3.041992
-3.047180
-3.050537
-3.056946
-3.059692
-3.062439
-3.064270
-3.064575
-3.064880
-3.066406
-3.067322
-3.068237
-3.070984
-3.071289
-3.073425
-3.074036
-3.075867
-3.079224
-3.077393
-3.076782
-3.073425
-3.074341
-3.077698
-3.076172
-3.075256
-3.073120
-3.072205
-3.065491
-3.062134
-3.055725
-3.050842
-3.044739
-3.042603
-3.041077
-3.040161
-3.038635
-3.037415
-3.034058
-3.033752
-3.032227
-3.028870
-3.026123
-3.026123
-3.023682
-3.025818
-3.024597
-3.023682
-3.019104
-3.017883
-3.014526
-3.013000
-3.011169
-3.012695
-3.010254
-3.007507
-3.005066
-3.005981
-3.001709
-2.998962
-2.994690
-2.991028
-2.988586
-2.983093
-2.979736
-2.975769
-2.972717
-2.969360
-2.968140
-2.969055
-2.970276
-2.969971
-2.968445
-2.968445
-2.967224
-2.965088
-2.963867
-2.962036
-2.961731
-2.960510
-2.962341
-2.962952
-2.962646
-2.958679
-2.958374
-2.957153
-2.960510
-2.958679
-2.958679
-2.958679
-2.955933
-2.956848
-2.955627
-2.954102
-2.956543
-2.956848
-2.960510
-2.960510
-2.959290
-2.960815
-2.962036
-2.962341
-2.962341
-2.960510
-2.959290
-2.961121
-2.960815
-2.959595
-2.959595
-2.958374
-2.958679
-2.955627
-2.952881
-2.950134
-2.948914
-2.946167
-2.943726
-2.942505
-2.944641
-2.945862
-2.943420
-2.944031
-2.944336
-2.940674
-2.939453
-2.937317
-2.936096
-2.935181
-2.934570
-2.935791
-2.936401
-2.937622
-2.939453
-2.937012
-2.934570
-2.931824
-2.932434
-2.932434
-2.933655
-2.938232
-2.942505
-2.943420
-2.943420
-2.943420
-2.945251
-2.944946
-2.943420
-2.944336
-2.943726
-2.945862
-2.942200
-2.939453
-2.937317
-2.934570
-2.933655
-2.935181
-2.929688
-2.925415
-2.918396
-2.911377
-2.901611
-2.892151
-2.883606
-2.871704
-2.860718
-2.848206
-2.835083
-2.818604
-2.802429
-2.786560
-2.770691
-2.754517
-2.738342
-2.723999
-2.709961
-2.693787
-2.680054
-2.667236
-2.658081
-2.648315
-2.637329
-2.632141
-2.624512
-2.617798
-2.611694
-2.607117
-2.605896
-2.603455
-2.596130
-2.588196
-2.577515
-2.568970
-2.563171
-2.554932
-2.545166
-2.536011
-2.526855
-2.514648
-2.503357
-2.491150
-2.478638
-2.467651
-2.457275
-2.447510
-2.437134
-2.425537
-2.416382
-2.409973
-2.404175
-2.397461
-2.393494
-2.388611
-2.384644
-2.383118
-2.380371
-2.379150
-2.377319
-2.381897
-2.385254
-2.390747
-2.395630
-2.403259
-2.409363
-2.416687
-2.424316
-2.432861
-2.438965
-2.446594
-2.453613
-2.461548
-2.468567
-2.476196
-2.483215
-2.490845
-2.496033
-2.502747
-2.508240
-2.512512
-2.514038
-2.517090
-2.519836
-2.527161
-2.531433
-2.537842
-2.542114
-2.548218
-2.553711
-2.561340
-2.568970
-2.577209
-2.588501
-2.601013
-2.613525
-2.626038
-2.640076
-2.653809
-2.669373
-2.686157
-2.701111
-2.716980
-2.731018
-2.745056
-2.759094
-2.771912
-2.782898
-2.796631
-2.809143
-2.821960
-2.833252
-2.842712
-2.852173
-2.859192
-2.865601
-2.872314
-2.881775
-2.887573
-2.893677
-2.897644
-2.901611
-2.906494
-2.909851
-2.914429
-2.917480
-2.919617
-2.921143
-2.926331
-2.928162
-2.929993
-2.930908
-2.931519
-2.935181
-2.940063
-2.942810
-2.945862
-2.946777
-2.950134
-2.952576
-2.954102
-2.956848
-2.958374
-2.958984
-2.958984
-2.958374
-2.958374
-2.956543
-2.955017
-2.954407
-2.954712
-2.952881
-2.949524
-2.946472
-2.944641
-2.944641
-2.943115
-2.940369
-2.936401
-2.936707
-2.934875
-2.933960
-2.931213
-2.932129
-2.932129
-2.930298
-2.930298
-2.931213
-2.932739
-2.936096
-2.938232
-2.944641
-2.950439
-2.956543
-2.959900
-2.964478
-2.970886
-2.976379
-2.982483
-2.992554
-3.003235
-3.014832
-3.021240
-3.025818
-3.029175
-3.023682
-3.011169
-2.989502
-2.960205
-2.923279
-2.878113
-2.817383
-2.751770
-2.672424
-2.580261
-2.477112
-2.356567
-2.221069
-2.077942
-1.917725
-1.737671
-1.536255
-1.323853
-1.093445
-0.858765
-0.614014
-0.346680
-0.083313
0.158081
0.371094
0.542908
0.694275
0.824585
0.944824
1.050415
1.142883
1.224976
1.297607
1.365356
1.424866
1.482239
1.534119
1.574707
1.614380
1.650085
1.653748
1.619568
1.554565
1.466064
1.361694
1.235046
1.078796
0.902710
0.707703
0.496216
0.275574
0.047302
-0.184326
-0.414734
-0.638733
-0.860291
-1.071777
-1.275635
-1.463318
-1.633911
-1.786804
-1.924744
-2.047424
-2.162170
-2.264709
-2.357788
-2.445374
-2.525940
-2.600098
-2.666626
-2.729797
-2.789001
-2.841797
-2.890015
-2.935181
-2.974854
-3.012695
-3.047791
-3.079529
-3.106995
-3.129272
-3.148193
-3.162537
-3.174438
-3.179016
-3.183289
-3.182373
-3.179932
-3.173828
-3.161926
-3.150635
-3.135681
-3.121948
-3.107300
-3.092346
-3.076477
-3.059692
-3.042297
-3.025818
-3.008423
-2.989197
-2.970581
-2.954407
-2.937622
-2.922974
-2.906799
-2.891541
-2.880554
-2.872009
-2.863159
-2.852478
-2.843323
-2.833252
-2.824097
-2.813110
-2.803955
-2.794189
-2.784424
-2.774353
-2.761536
-2.749939
-2.738342
-2.728882
-2.718811
-2.710266
-2.702332
-2.691650
-2.681580
-2.670288
-2.660217
-2.649536
-2.640991
-2.633057
-2.625427
-2.615662
-2.608032
-2.602539
-2.597351
-2.592163
-2.587585
-2.582397
-2.575073
-2.568970
-2.563477
-2.556458
-2.549438
-2.541809
-2.535095
-2.528687
-2.521667
-2.513123
-2.499695
-2.488708
-2.477112
-2.464294
-2.453003
-2.438965
-2.427368
-2.415771
-2.407227
-2.396851
-2.386475
-2.374268
-2.363892
-2.353516
-2.343750
-2.335815
-2.325439
-2.313843
-2.303162
-2.295837
-2.290649
-2.283936
-2.278442
-2.271729
-2.264404
-2.254333
-2.244568
-2.236633
-2.234192
-2.229614
-2.223511
-2.215576
-2.206421
-2.193298
-2.184143
-2.177734
-2.168274
-2.158813
-2.149353
-2.138062
-2.127991
-2.116089
-2.106018
-2.094727
-2.084045
-2.073364
-2.060852
-2.049866
-2.036438
-2.023010
-2.009888
-1.999207
-1.987610
-1.975708
-1.960754
-1.945496
-1.931458
-1.915894
-1.901245
-1.884155
-1.867371
-1.852417
-1.837463
-1.821899
-1.800842
-1.782837
-1.765137
-1.746216
-1.728210
-1.711426
-1.696777
-1.680298
-1.665649
-1.649170
-1.631775
-1.615906
-1.600647
-1.583862
-1.570129
-1.553345
-1.539001
-1.520996
-1.501465
-1.480713
-1.460876
-1.445007
-1.427917
-1.411133
-1.396179
-1.379395
-1.363831
-1.349792
-1.338501
-1.324768
-1.311340
-1.297607
-1.286011
-1.275024
-1.264648
-1.255188
-1.248169
-1.240540
-1.232605
-1.225891
-1.219482
-1.214294
-1.207886
-1.202087
-1.198425
-1.194458
-1.193542
-1.193848
-1.191711
-1.192627
-1.190186
-1.188660
-1.188049
-1.190491
-1.193542
-1.194458
-1.199341
-1.204529
-1.208191
-1.216736
-1.224365
-1.235352
-1.246643
-1.259155
-1.273193
-1.289368
-1.305542
-1.324158
-1.342163
-1.363220
-1.383057
-1.406250
-1.429443
-1.452637
-1.478271
-1.504517
-1.531982
-1.560974
-1.588745
-1.618652
-1.646118
-1.675415
-1.705627
-1.738892
-1.768494
-1.800537
-1.830750
-1.864319
-1.896057
-1.927795
-1.959839
-1.991882
-2.023621
-2.056580
-2.089539
-2.121582
-2.151794
-2.181702
-2.212219
-2.243652
-2.273560
-2.302246
-2.333069
-2.362366
-2.392273
-2.420654
-2.449951
-2.477112
-2.502747
-2.528687
-2.555237
-2.581787
-2.606506
-2.630615
-2.654419
-2.676086
-2.698059
-2.720337
-2.742004
-2.761536
-2.781677
-2.800598
-2.819824
-2.836304
-2.852173
-2.869263
-2.884827
-2.899170
-2.911987
-2.926331
-2.939758
-2.952576
-2.966919
-2.980347
-2.992249
-3.002319
-3.010864
-3.018799
-3.025818
-3.033752
-3.041382
-3.044739
-3.049011
-3.053894
-3.059387
-3.064270
-3.067627
-3.069763
-3.071289
-3.071899
-3.074036
-3.073120
-3.074951
-3.078003
-3.078918
-3.085022
-3.087463
-3.087463
-3.089294
-3.090210
-3.092957
-3.094788
-3.094482
-3.094177
-3.094482
-3.093262
-3.090515
-3.085632
-3.081665
-3.078918
-3.075562
-3.072510
-3.068237
-3.063965
-3.061218
-3.054810
-3.050537
-3.047180
-3.045654
-3.044434
-3.040161
-3.038025
-3.034058
-3.032227
-3.029175
-3.029480
-3.031311
-3.029175
-3.032837
-3.032837
-3.031006
-3.029785
-3.029785
-3.028259
-3.024902
-3.023682
-3.020325
-3.020020
-3.020630
-3.019104
-3.018188
-3.016357
-3.014832
-3.011475
-3.009033
-3.006897
-3.006897
-3.005066
-3.003235
-2.999878
-2.996521
-2.992554
-2.989807
-2.989502
-2.984619
-2.981262
-2.977905
-2.976074
-2.974548
-2.974243
-2.970276
-2.972107
-2.969055
-2.968140
-2.965393
-2.961121
-2.957153
-2.953796
-2.952271
-2.951355
-2.951660
-2.951965
-2.950439
-2.952271
-2.952271
-2.948914
-2.949219
-2.947388
-2.945862
-2.946777
-2.945862
-2.945862
-2.947388
-2.948608
-2.951355
-2.952271
-2.954407
-2.953796
-2.952881
-2.957458
-2.962952
-2.962036
-2.962952
-2.962341
-2.962341
-2.963562
-2.965088
-2.965393
-2.965698
-2.965393
-2.964478
-2.964783
-2.964172
-2.965698
-2.965393
-2.964783
-2.965393
-2.966919
-2.965393
-2.965393
-2.963867
-2.964783
-2.964478
-2.965698
-2.965393
-2.965393
-2.965088
-2.964172
-2.961426
-2.960815
-2.959900
-2.958374
-2.958679
-2.957764
-2.958374
-2.957458
-2.957153
-2.961426
-2.963562
-2.963867
-2.964172
-2.962341
-2.961731
-2.962952
-2.964172
