-0.8542636135189943
-0.4007554227417313
0.5188740435446364
0.502850990887375
0.8016594464124102
0.25113428203505994
1.152202035265152
-0.7832570574863043
0.48677234523660046
0.4332966402321125
0.8831873337599687
0.0379611789499745
1.2629387285778098
-1.2216315713134358
-0.7104555558682849
-0.07313540700378979
0.7793750303788606
0.12766376472959337
1.2109952575587521
-1.014814189942826
-0.07848839888541387
0.6869311427537181
0.3158293274954751
1.0664319130773738
-0.49743903707317166
0.9735057400772142
-0.47603050747055003
0.9748046603634271
-0.4731509284539239
0.9790208765734938
-0.4838199060096022
0.9659918809404517
-0.45154241146290114
1.0043507951925108
-0.5476714511642304
0.8813836127692856
-0.251873337350802
1.1755988345352624
-1.0104076688701746
-0.07661346987574591
0.6886602260659851
0.31306188928592116
1.0693872226872172
-0.5071060780795754
0.9607969626108173
-0.44451494813091363
1.0116081340266847
-0.5660459079998051
0.8549112822593521
-0.19303639314800278
1.2043051159663791
-1.0884020552243123
-0.29717511255319606
0.5498411169032996
0.487592110861586
0.8321078418667498
0.17691278856388007
1.2058149638995976
-0.9825117814606991
0.010283328177172313
0.705098419988031
0.3070557038356868
1.0795330386351687
-0.5394315029561266
0.9164790266564428
-0.33773677970843485
1.1152511226819795
-0.8426201272133121
0.3405631865056242
0.584837364231996
0.6233203163091278
0.6315117058564034
0.6286662464056081
0.6361437626393176
0.6220494324788106
0.6491194337657007
0.5967163747344179
0.6962372255030496
0.5003701285736675
0.8583527958545549
0.11863370756023656
1.2378022995590836
-1.1094262336431864
-0.3518165051862633
0.4938873352569777
0.5529604685459875
0.7200948088926561
0.439936993251985
0.945066061423561
-0.11842870666090316
1.2638843164411444
-1.2718936034825292
-0.885633379079339
-0.47965315604004227
0.412215976137356
0.6182132378119648
0.5886021424728728
0.7004304963704711
0.4897366103977636
0.8743504223216941
0.07663685769955428
1.254082635555222
-1.1788215022117177
-0.5692433970408004
0.19270028623211433
0.7772402204482456
0.21206678147422206
1.170210818407704
-0.8535306688835331
0.3311428017076314
0.5904230221630485
0.6113037573720825
0.6539577093607982
0.5846661673262337
0.717618974705913
0.4544320601967181
0.9261737961432868
-0.06458744286843768
1.272011985956189
-1.2845965222432218
-0.9286599191562759
-0.5927519002992439
0.22950528282140664
0.7484326851301194
0.2846395070069095
1.1111022970102449
-0.6429757880879463
0.7545456794088317
0.01003240833326663
1.226222794918898
-1.1020615573902193
-0.3324887083126282
0.5146132951653742
0.5294958065208611
0.7618718557771642
0.34622052748078214
1.0607454416244497
-0.4713870904536339
1.0071355278224554
-0.5614668870991922
0.8607975669143366
-0.2058014978176562
1.198943310968714
-1.0741915374285682
-0.25575944942579737
0.5861644844126077
0.4422478412708833
0.9020329309715234
-0.00645441959864293
1.2705515559461595
-1.2619580847236826
-0.8483880238554038
-0.38625456004689285
0.5366139736235527
0.48098725262264974
0.8370959600273873
0.16327467097495243
1.2138067225534457
-1.0136750623098265
-0.07440996796232907
0.6881459006420352
0.3147143168126884
1.0677806285029825
-0.5018033638049073
0.9678049262546065
-0.46184593453723
0.9917191437283877
-0.5154633844134819
0.9255322421791148
-0.35389291916238397
1.1023233951271514
-0.8073314901712252
0.41819922950721794
0.5129537191640294
0.7570896436462714
0.35142749582619537
1.0542250943421427
-0.4505185206091209
1.0321138159260796
-0.626518056818427
0.7600993190504712
0.0031932182050858904
1.228015520415634
-1.1102730002728267
-0.3573839330640637
0.4881055140608772
0.5592390300814944
0.7085840443451763
0.46484382196365487
0.9100635229586637
-0.02004871555881138
1.2724563254938177
-1.272817755072563
-0.8863541550309972
-0.48171848991876715
0.4092199685492366
0.6210390773011565
0.5828006408156705
0.7107925014811283
0.4675238200181815