-0.937190
0.115155
0.700278
0.348001
1.040536
-0.411402
1.075208
-0.741923
0.551932
0.350942
0.993155
-0.275618
1.191595
-1.070544
-0.247012
0.593416
0.432897
0.915665
-0.043950
1.271995
-1.278346
-0.906236
-0.533274
0.329996
0.687561
0.437162
0.938714
-0.102509
1.266903
-1.277813
-0.905857
-0.532151
0.331785
0.686241
0.440238
0.934539
-0.090637
1.268861
-1.281201
-0.917409
-0.562656
0.281563
0.720214
0.358277
1.036357
-0.396166
1.091180
-0.785794
0.462894
0.464283
0.837086
0.158286
1.216050
-1.022801
-0.099757
0.679228
0.324183
1.056636
-0.465817
1.013211
-0.576980
0.837895
-0.155989
1.217303
-1.121354
-0.395217
0.444919
0.604301
0.622224
0.639262
0.614549
0.663040
0.568894
0.745816
0.391929
1.008693
-0.306866
1.170774
-1.011056
-0.079896
0.687746
0.313838
1.068432
-0.504014
0.964888
-0.454616
1.000120
-0.536722
0.896737
-0.286810
1.153858
-0.949985
0.082697
0.705430
0.328125
1.060897
-0.477265
0.999374
-0.541427
0.889411
-0.269901
1.164838
-0.980557
0.003361
0.705817
0.303560
1.082737
-0.550180
0.901045
-0.301688
1.142892
-0.919188
0.159998
0.688404
0.384539
0.999503
-0.283248
1.187530
-1.059292
-0.214680
0.617690
0.401439
0.959692
-0.168981
1.247931
-1.230960
-0.746989
-0.150477
0.744203
0.179484
1.178161
-0.889442
0.245897
0.648516
0.484968
0.865284
0.097288
1.246334
-1.145502
-0.463143
0.356048
0.683579
0.452621
0.918261
-0.044699
1.272681
-1.281014
-0.915591
-0.557935
0.289515
0.715273
0.370592
1.022308
-0.351982
1.133244
-0.903534
0.197050
0.674580
0.422034
0.953016
-0.144926
1.256500
-1.253786
-0.823823
-0.326294
0.603799
0.391710
0.966328
-0.189793
1.239468
-1.207733
-0.670225
0.008799
0.798824
0.109271
1.222931
-1.061003
-0.209138
0.620465
0.398291
0.964050
-0.181661
1.243014
-1.217615
-0.702718
-0.056622
0.784696
0.120966
1.214923
-1.030163
-0.121253
0.670368
0.334474
1.044489
-0.426998
1.058089
-0.695472
0.640272
0.217431
1.125895
-0.709466
0.633090
0.226036
1.118397
-0.683327
0.681809
0.144193
1.175434
-0.891046
0.241083
0.651317
0.478426
0.874947
0.071782
1.255271
-1.184451
-0.587513
0.161424
0.787265
0.180726
1.190453
-0.929832
0.146714
0.690915
0.375705
1.009659
-0.314465
1.164455
-0.992675
-0.030230
0.700918
0.303131
1.081632
-0.546960
0.905659
-0.312393
1.135073
-0.897464
0.212904
0.667301
0.440464
0.928578
-0.075022
1.270694
-1.283035
-0.923442
-0.578753
0.254031
0.736030
0.317773
1.079437
-0.535926
0.921727
-0.350192
1.104830
-0.813968
0.403888
0.527434
0.731705
0.408680
0.985684
-0.237599
1.216670
-1.143682
-0.466209
0.352604
0.686076
0.446801
0.926340
-0.067307
1.271560
-1.283801
-0.925936
-0.585442
0.242380
0.742120
0.301675
1.095225
-0.588822
0.843172
-0.171960
1.211553
-1.106593
-0.350902
0.495637
0.550811
0.723942
0.431514
0.956496
-0.151384
1.254865
-1.249975
-0.810954
-0.295698
0.634301
0.348017
1.020728
-0.354235
1.130543
-0.895648
0.216104
0.665925
0.443993
0.923795
-0.061558
1.271833
-1.283052
-0.923160
-0.578029
0.255288
0.735351
0.319549
1.077649
-0.529993
0.930044
-0.369974
1.087381
-0.766348
0.504010
0.414459
0.910716
-0.036828
1.271316
-1.273791
-0.890165
-0.491489
0.394765
0.634378
0.555019
0.759048
0.359889
1.046386
-0.424926
1.061128
-0.703869
0.624735
0.242429
1.105140
-0.637140
0.763216
-0.006641
1.228903
-1.116276
-0.375831
0.467368
0.581444
0.666902
0.551772
0.773837
0.327179
1.082286
-0.541727
0.913830
-0.331638
1.120172
-0.856191
0.309763
0.608808
0.574023
0.721339
0.443744
0.940729
-0.105836
1.266537
-1.277513
-0.904893
-0.529618
0.335838
0.683212
0.447260
0.924905
-0.063451
1.271835
-1.283626
-0.925222
-0.583537
0.245711
0.740415
0.306213
1.090852
-0.574076
0.865867
-0.221838
1.190863
-1.051968
-0.192032
0.632783
0.381811
0.985743
-0.245823
1.211123
-1.127292
-0.415767
0.419805
0.628539
0.572856
0.729132
0.427570
0.962797
-0.169497
1.248618
-1.233515
-0.755597
-0.169352
0.733169
0.196643
1.165814
-0.843780
0.352994
0.572419
0.647169
0.585366
0.714435
0.461025
0.916769
-0.038345
1.272972
-1.280146
-0.912390
-0.549481
0.303582
0.706129
0.393009
0.995600
-0.269805
1.196767
-1.086095
-0.292412
0.554465
0.481872
0.841258
0.153760
1.219278
-1.035167
-0.134416
0.664155
0.342132
1.035370
-0.398148
1.088680
-0.778759
0.477552
0.447094
0.863415
0.090448
1.247571
-1.151874
-0.483268
0.327471
0.704888
0.402628
0.984513
-0.236184
1.217258
-1.145259
-0.471089
0.345727
0.691335
0.434596
0.942978
-0.114511
1.264535
-1.273023
-0.889462
-0.489508
0.397696
0.631720
0.560610
0.749519
0.381693
1.020890
-0.344596
1.140022
-0.922890
0.149590
0.691805
0.374845
1.010829
-0.318032
1.161647
-0.984602
-0.008722
0.704513
0.302509
1.083237
-0.552012
0.898368
-0.295494
1.147267
-0.931358
0.129781
0.697012
0.358778
1.028894
-0.374438
1.112382
-0.844684
0.334827
0.589642
0.613700
0.649614
0.593311
0.702058
0.487953
0.877280
0.068917
1.256535
-1.189755
-0.604765
0.131036
0.794532
0.155518
1.204499
-0.984491
0.004439
0.704625
0.306236
1.080095
-0.541375
0.913707
-0.331216
1.120526
-0.857175
0.307509
0.610461
0.570526
0.727439
0.430324
0.958981
-0.158406
1.252565
-1.244008
-0.790810
-0.248736
0.676139
0.285349
1.088848
-0.574222
0.865031
-0.219858
1.191837
-1.054623
-0.199571
0.627853
0.388250
0.977323
-0.220749
1.224975
-1.167013
-0.539196
0.242871
0.755660
0.273429
1.122029
-0.680500
0.688296
0.132598
1.181874
-0.915776
0.180457
0.679676
0.407393
0.971546
-0.199244
1.235886
-1.198155
-0.639038
0.068836
0.801655
0.120940
1.220019
-1.047544
-0.170281
0.645143
0.366223
1.005776
-0.306353
1.170340
-1.009479
-0.075565
0.689162
0.312408
1.070110
-0.509469
0.957652
-0.436776
1.020213
-0.588201
0.821691
-0.121706
1.225770
-1.140028
-0.451800
0.372220
0.670494
0.482279
0.875518
0.071540
1.255490
-1.185295
-0.590248
0.156662
0.788565
0.176429
1.192991
-0.939591
0.121933
0.697308
0.355846
1.031915
-0.384034
1.103099
-0.818770
0.392392
0.538809
0.711276
0.453363
0.925630
-0.063498
1.272044
-1.284384
-0.927887
-0.590679
0.233171
0.746680
0.289408
1.106744
-0.628013
0.779863
-0.039865
1.231734
-1.135996
-0.437161
0.391647
0.654109
0.518492
0.819865
0.214498
1.181546
-0.890123
0.245217
0.648779
0.484285
0.866289
0.094647
1.247345
-1.149824
-0.476729
0.336874
0.698103
0.418775
0.963910
-0.175139
1.246230
-1.226866
-0.733412
-0.121111
0.759441
0.156215
1.193668
-0.947917
0.100136
0.701587
0.340927
1.047752
-0.434620
1.049873
-0.673513
0.679894
0.150788
1.172136
-0.878229
0.271841
0.633075
0.520456
0.810699
0.236011
1.165228
-0.830055
0.384981
0.543489
0.701961
0.473198
0.897106
0.015240
1.268807
-1.249246
-0.804221
-0.280253
0.648775
0.326651
1.045252
-0.431576
1.052815
-0.681259
0.666085
0.174485
1.157203
-0.822420
0.400237
0.529009
0.728281
0.416152
0.976029
-0.208839
1.231749
-1.186740
-0.602169
0.136328
0.793330
0.159777
1.202259
-0.975664
0.027990
0.706204
0.310183
1.077162
-0.531335
0.927906
-0.364813
1.092048
-0.779040
0.477950
0.446477
0.864307
0.088106
1.248424
-1.155556
-0.494907
0.310427
0.716617
0.374172
1.018979
-0.341393
1.142524
-0.929925
0.132093
0.696595
0.360286
1.027250
-0.369253
1.117288
-0.858443
0.303493
0.613516
0.564086
0.738585
0.405516
0.991355
-0.254245
1.206910
-1.115558
-0.380185
0.462975
0.585860
0.658368
0.568930
0.744356
0.394987
1.004886
-0.295218
1.179450
-1.036110
-0.149099
0.658044
0.349039
1.026854
-0.371488
1.114851
-0.851497
0.319390
0.601737
0.588895
0.695005
0.500424
0.857907
0.119720
1.237306
-1.107380
-0.345616
0.500555
0.545538
0.733511
0.410408
0.984244
-0.233109
1.219198
-1.150953
-0.488811
0.320203
0.709815
0.390689
0.999251
-0.280696
1.189469
-1.064979
-0.231011
0.605794
0.416916
0.938391
-0.107734
1.265268
-1.273585
-0.891245
-0.494121
0.390809
0.637940
0.547489
0.771741
0.330430
1.078665
-0.529796
0.930642
-0.371470
1.086006
-0.762615
0.511588
0.404805
0.924062
-0.074007
1.269551
-1.278666
-0.908115
-0.538140
0.322133
0.693281
0.423746
0.956599
-0.153990
1.253781
-1.246952
-0.800711
-0.271679
0.656454
0.315193
1.057851
-0.472111
1.005311
-0.556544
0.867956
-0.221650
1.191607
-1.054392
-0.198958
0.628265
0.387710
0.978033
-0.222855
1.223880
-1.163891
-0.529334
0.258560
0.747605
0.295090
1.102372
-0.612788
0.804999
-0.091069
1.229889
-1.144997
-0.466460
0.351882
0.686713
0.445360
0.928330
-0.072907
1.271057
-1.283694
-0.925700
-0.584797
0.243507
0.741547
0.303204
1.093758
-0.583868
0.850864
-0.188719
1.205399
-1.090796
-0.304150
0.543251
0.495584
0.819130
0.209311
1.184404
-0.901143
0.218439
0.662855
0.450403
0.914848
-0.036605
1.272579
-1.278220
-0.905612
-0.531652
0.332601
0.685632
0.441653
0.932609
-0.085168
1.269628
-1.282287
-0.921075
-0.572417
0.264952
0.729996
0.333435
1.063349
-0.482964
0.992449
-0.523826
0.913584
-0.325637
1.125620
-0.871520
0.274320
0.633192
0.520991
0.809954
0.237861
1.163777
-0.824769
0.396792
0.532148
0.722583
0.428667
0.959517
-0.160343
1.251861
-1.242123
-0.784458
-0.234161
0.687899
0.267265
1.106367
-0.633488
0.770081
-0.020281
1.230448
-1.125689
-0.404911
0.432759
0.616334
0.598012
0.684234
0.523957
0.820927
0.213697
1.182345
-0.893007
0.238258
0.652625
0.475191
0.879658
0.059239
1.258985
-1.201287
-0.642632
0.061447
0.801924
0.118119
1.221044
-1.051894
-0.182760
0.637670
0.375899
0.993481
-0.269036
1.196712
-1.085678
-0.291162
0.555611
0.480466
0.843497
0.148058
1.222359
-1.047410
-0.169187
0.645703
0.365539
1.006645
-0.309005
1.168315
-1.003647
-0.059735
0.693910
0.307963
1.075395
-0.526676
0.934276
-0.380022
1.078099
-0.741223
0.554254
0.347557
0.997162
-0.287796
1.183191
-1.046256
-0.177556
